round,client_id,client_i_training_loss,client_i_training_accuracy,client_i_training_dataset_size,client_i_evaluation_loss,client_i_evaluation_accuracy,client_i_evaluation_dataset_size,client_i_central_evaluation_loss,client_i_central_evaluation_accuracy,client_i_cosine_similarity,client_i_importance_coefficient,client_i_tanh_val,tanh_normalization_value,client_i_q,client_i_mask_order,client_i_v_nonzero_fraction,client_i_v_sparsity,client_i_v_cosine_similarity,client_i_reward_gradient_norm,local_epochs,learning_rate,gamma,client_0_cosine_similarity,client_1_cosine_similarity,client_2_cosine_similarity,client_3_cosine_similarity,client_4_cosine_similarity,client_5_cosine_similarity,client_6_cosine_similarity,client_7_cosine_similarity,client_8_cosine_similarity,client_9_cosine_similarity,client_10_cosine_similarity,client_11_cosine_similarity
0,0,0.33868969219238465,0.89556,5000,2.2065855308815285,0.4052757793764988,834,2.210229562875181,0.4083,0.797698285443336,0.08461465409146926,,,0.9999999998741138,,1.0,0.0,0,0.3928093746719066,5,0.1,0.5,1.0,0.5853034176838562,0.5874887049610854,0.5843530761110197,0.5937055605563618,0.5848300455924039,0.586963519095032,0.5852378053672193,0.5995151136011443,0.6093391293802197,0.6051821495072531,0.5983220507854766
0,1,0.34231064554636076,0.8916,5000,2.2078419967933938,0.4064748201438849,834,2.2103591064294688,0.4093,0.7802692651312858,0.08276589679592398,,,0.76726686208095,,0.7672807589980423,0.23271924100195773,0,0.392487267320217,5,0.1,0.5,0.5853034176838562,1.0,0.5886565093262194,0.5845566389930763,0.5880370073327928,0.569199067413112,0.5708124049434186,0.5676468971843824,0.5826809748088572,0.5720832657055704,0.5666651719283199,0.58028844450301
0,2,0.3462761687055515,0.89148,5000,2.2183034596619784,0.42206235011990406,834,2.2102950472420395,0.4083,0.7852066542549165,0.08328962297214212,,,0.8331967905952892,,0.8332111841775012,0.16678881582249883,0,0.39270652700344016,5,0.1,0.5,0.5874887049610854,0.5886565093262194,1.0,0.5780115382317622,0.5856412006225407,0.5807773456232131,0.5822534957114371,0.5734508595037551,0.5870261472618221,0.5803901257725841,0.573798667381104,0.5849820639581164
0,3,0.3381774898962515,0.8928,5000,2.215314759148492,0.40047961630695444,834,2.210280903612082,0.4084,0.7859512743890691,0.08336860744061926,,,0.8431398497680117,,0.8431554640831284,0.15684453591687164,0,0.3927264146972457,5,0.1,0.5,0.5843530761110197,0.5845566389930763,0.5780115382317622,1.0,0.5871006386178993,0.5832850244761758,0.5964861401901478,0.5755329530102703,0.5924733168397835,0.5687545458085589,0.5851580305093615,0.5737846034720925
0,4,0.3423648125616608,0.89172,5000,2.2123736010657415,0.39255702280912363,833,2.2102468577436745,0.4082,0.7911086244324069,0.08391566564283555,,,0.9120069597256399,,0.9120275086592039,0.0879724913407961,0,0.39279876664821956,5,0.1,0.5,0.5937055605563618,0.5880370073327928,0.5856412006225407,0.5871006386178993,1.0,0.5790305855767379,0.5864240296877912,0.5812947462144145,0.6003122535275363,0.5880393786354468,0.588312824710387,0.5802188091866323
0,5,0.3284227096570573,0.89712,5000,2.2074761743898743,0.4237695078031212,833,2.2103887815444994,0.409,0.7792962816759736,0.08266268902926545,,,0.7542744225449743,,0.7542844234727172,0.24571557652728282,0,0.39242192730751396,5,0.1,0.5,0.5848300455924039,0.569199067413112,0.5807773456232131,0.5832850244761758,0.5790305855767379,1.0,0.5667259001358363,0.5766837030261474,0.5792456009698519,0.574772815746314,0.579802207250319,0.572404769714345
0,6,0.3480637796175708,0.88976,5000,2.2178775116249367,0.37695078031212487,833,2.2103264156621867,0.409,0.7820525880514679,0.08295506011089933,,,0.791079923944532,,0.791099844385322,0.208900155614678,0,0.3925854803770192,5,0.1,0.5,0.586963519095032,0.5708124049434186,0.5822534957114371,0.5964861401901478,0.5864240296877912,0.5667259001358363,1.0,0.5627457626891775,0.5942469941645434,0.5727318818140686,0.5821445105530597,0.5712072970903362
0,7,0.34517354549703655,0.89376,5000,2.207176102532281,0.4177671068427371,833,2.210411962228842,0.4085,0.7789761768638054,0.08262873438946126,,,0.75,,0.750002509914161,0.24999749008583905,0,0.3923973820184635,5,0.1,0.5,0.5852378053672193,0.5676468971843824,0.5734508595037551,0.5755329530102703,0.5812947462144145,0.5766837030261474,0.5627457626891775,1.0,0.5739438787698774,0.5787564059560203,0.5835373065575693,0.5849089816965493
0,8,0.32861011352829017,0.89868,5000,2.2061696935583046,0.4237695078031212,833,2.2102422874194745,0.4081,0.791816097571704,0.08399070979932055,,,0.9214539877665189,,0.9214698057326439,0.07853019426735608,0,0.3928020459634543,5,0.1,0.5,0.5995151136011443,0.5826809748088572,0.5870261472618221,0.5924733168397835,0.6003122535275363,0.5792456009698519,0.5942469941645434,0.5739438787698774,1.0,0.5819176875330796,0.5948767753518509,0.5785479412798206
0,9,0.37391328023402554,0.88516,5000,2.199507466068974,0.41656662665066024,833,2.2103002490327,0.4081,0.7848347085665128,0.08325016938882696,,,0.8282301266290409,,0.8282465739671703,0.17175342603282973,0,0.39269545806105344,5,0.1,0.5,0.6093391293802197,0.5720832657055704,0.5803901257725841,0.5687545458085589,0.5880393786354468,0.574772815746314,0.5727318818140686,0.5787564059560203,0.5819176875330796,1.0,0.5829906570575036,0.5891942722323389
0,10,0.3563582419138995,0.88912,5000,2.2105575137668185,0.40816326530612246,833,2.210272008999468,0.4087,0.7866247360675601,0.08344004388220282,,,0.8521327160801986,,0.8521509964359218,0.14784900356407815,0,0.39274191186285284,5,0.1,0.5,0.6051821495072531,0.5666651719283199,0.573798667381104,0.5851580305093615,0.588312824710387,0.579802207250319,0.5821445105530597,0.5835373065575693,0.5948767753518509,0.5829906570575036,1.0,0.5733772186869492
0,11,0.33633873902712086,0.89344,5000,2.2111912391803883,0.4069627851140456,833,2.2103215695950933,0.4084,0.7835900723098067,0.08311814645703346,,,0.8116102537820259,,0.811630942221776,0.188369057778224,0,0.3926527279585621,5,0.1,0.5,0.5983220507854766,0.58028844450301,0.5849820639581164,0.5737846034720925,0.5802188091866323,0.572404769714345,0.5712072970903362,0.5849089816965493,0.5785479412798206,0.5891942722323389,0.5733772186869492,1.0
1,0,0.29473270302887555,0.9108,5000,2.0558870015320956,0.6918465227817746,834,2.061254368041651,0.708,0.817734855322799,0.08435116689803664,,,0.9999999998372556,,1.0,0.0,0.9602877634353886,0.4064132098252915,5,0.1,0.5,1.0,0.6373608968803836,0.636189065556123,0.6316618336985331,0.6387585113566339,0.6349787990726197,0.6422309286488093,0.6276648932068468,0.6346773078312157,0.6198177504512448,0.6274894158171623,0.6396477703320668
1,1,0.30660328972538947,0.90504,5000,2.058574906101933,0.7206235011990407,834,2.061703749738943,0.7096,0.8086911200869226,0.08281501571303905,,,0.75,,0.750002509914161,0.24999749008583905,0.9591387892537389,0.40594400781340223,5,0.1,0.5,0.6373608968803836,1.0,0.6171398001603492,0.6360497101671294,0.6278870110333507,0.6359708961669828,0.6312989716024403,0.6226127603105736,0.6367125066864042,0.6140217563322729,0.6073419706831814,0.6238571825321164
1,2,0.3097315304194856,0.9038,5000,2.067784344708478,0.6990407673860911,834,2.0614849157607593,0.7092,0.8089635717496715,0.08317056047301077,,,0.807862917923152,,0.8078761106370163,0.19212388936298375,0.9597729674262969,0.40622093953755767,5,0.1,0.5,0.636189065556123,0.6171398001603492,1.0,0.6257654852551999,0.628995630698031,0.6299853934503525,0.6302293813668474,0.624053383859704,0.6322328859839697,0.6138617680874632,0.623373651504226,0.6286792069933907
1,3,0.29701926015958097,0.90776,5000,2.0701019322430647,0.7050359712230215,834,2.0613932563854864,0.7088,0.8174993245029339,0.08351960899211387,,,0.8646686090368857,,0.8646804879273129,0.1353195120726871,0.9600045890683995,0.4063497532747405,5,0.1,0.5,0.6316618336985331,0.6360497101671294,0.6257654852551999,1.0,0.6392461342692453,0.6416064842913418,0.6334087157699422,0.6352421537809761,0.6385066833457043,0.6252053749478216,0.6275563598475371,0.6394726911086358
1,4,0.3034912416379258,0.90724,5000,2.0647812242861145,0.7046818727490997,833,2.0612821956031238,0.7078,0.8152957308064709,0.08380445910891787,,,0.9110263698159813,,0.9110486421364389,0.08895135786356112,0.9602277858420725,0.4063979796590091,5,0.1,0.5,0.6387585113566339,0.6278870110333507,0.628995630698031,0.6392461342692453,1.0,0.6345589580063878,0.6385704710965102,0.6329541207399266,0.6459421604504563,0.6221154937758029,0.616843527510573,0.6236832606186155
1,5,0.2918327042014356,0.91216,5000,2.061024877760145,0.7130852340936374,833,2.0616853671332898,0.7093,0.8138112742861364,0.08292488678853843,,,0.7678809020396048,,0.7678931780533106,0.2321068219466894,0.9591711267430519,0.4060496753611434,5,0.1,0.5,0.6349787990726197,0.6359708961669828,0.6299853934503525,0.6416064842913418,0.6345589580063878,1.0,0.6268083892373253,0.6276705140826243,0.6344634089696922,0.6225685256698202,0.6251180801713468,0.6269446916313661
1,6,0.3062770403363997,0.90484,5000,2.0681515358112477,0.6998799519807923,833,2.0615193169718733,0.7091,0.8159393281368873,0.08319209024875575,,,0.8113667683158126,,0.8113849706340043,0.18861502936599572,0.9596139156528052,0.4062322374483085,5,0.1,0.5,0.6422309286488093,0.6312989716024403,0.6302293813668474,0.6334087157699422,0.6385704710965102,0.6268083892373253,1.0,0.6332801655786736,0.636478065476089,0.6266720472325309,0.6320150706195904,0.628993785799234
1,7,0.305077361739033,0.90976,5000,2.0611631163844355,0.7142857142857143,833,2.061739480914399,0.7095,0.8132119902515261,0.0828816081998342,,,0.7608375541747059,,0.7608553787460469,0.23914462125395308,0.959073905288842,0.40601104811032857,5,0.1,0.5,0.6276648932068468,0.6226127603105736,0.624053383859704,0.6352421537809761,0.6329541207399266,0.6276705140826243,0.6332801655786736,1.0,0.637285869580562,0.6220523865504246,0.6328321461036173,0.6393932374953647
1,8,0.2937710730679286,0.90772,5000,2.0601168915077492,0.7298919567827131,833,2.0612746164821587,0.708,0.82003299292707,0.08401879980400871,,,0.9459091172051397,,0.9459264093168014,0.054073590683198614,0.9602632037398317,0.4064104436343727,5,0.1,0.5,0.6346773078312157,0.6367125066864042,0.6322328859839697,0.6385066833457043,0.6459421604504563,0.6344634089696922,0.636478065476089,0.637285869580562,1.0,0.631303168116107,0.6301722777107048,0.6378488694458601
1,9,0.3250179605060227,0.90016,5000,2.047805251898589,0.7106842737094838,833,2.06158630078593,0.7094,0.803079290350692,0.08293984632367533,,,0.7703154825797986,,0.7703328146177401,0.22966718538225994,0.9594707884663753,0.4060627498136466,5,0.1,0.5,0.6198177504512448,0.6140217563322729,0.6138617680874632,0.6252053749478216,0.6221154937758029,0.6225685256698202,0.6266720472325309,0.6220523865504246,0.631303168116107,1.0,0.6146080202595376,0.6212528069740862
1,10,0.3148204908724044,0.90492,5000,2.0591758180547646,0.723889555822329,833,2.061448424768905,0.7093,0.8061062314346514,0.08317058332136568,,,0.8078666363649158,,0.807881130465338,0.19211886953466195,0.9598344336500565,0.4062209422649527,5,0.1,0.5,0.6274894158171623,0.6073419706831814,0.623373651504226,0.6275563598475371,0.616843527510573,0.6251180801713468,0.6320150706195904,0.6328321461036173,0.6301722777107048,0.6146080202595376,1.0,0.624806417479423
1,11,0.30007590279694957,0.90688,5000,2.064367409105654,0.6938775510204082,833,2.0615217297221906,0.7093,0.8133951716332312,0.08321137412870375,,,0.8145051117490266,,0.8145223633351739,0.18547763666482608,0.9596710988646616,0.4062425604662177,5,0.1,0.5,0.6396477703320668,0.6238571825321164,0.6286792069933907,0.6394726911086358,0.6236832606186155,0.6269446916313661,0.628993785799234,0.6393932374953647,0.6378488694458601,0.6212528069740862,0.624806417479423,1.0
2,0,0.2693736198316714,0.91992,5000,1.860675436479074,0.8501199040767387,834,1.8695555719704673,0.849,0.8106684095507033,0.08395997004148123,,,0.9788121081546757,,0.9788213443100245,0.021178655689975456,0.9690426176571885,0.4059979799708962,5,0.1,0.5,1.0,0.637057373266595,0.6264148648328987,0.621346034345207,0.6296668849603383,0.6263956855934876,0.6215910703430962,0.6312276320452915,0.6286038075731565,0.6280988760418117,0.6183018831074859,0.6259001758621476
2,1,0.2691993753419845,0.91664,5000,1.8664384682973225,0.8489208633093526,834,1.8702760287367117,0.8483,0.8195982390324211,0.08325522876299693,,,0.8158763866650115,,0.8158977962953667,0.18410220370463326,0.9679515151552548,0.40581473056520817,5,0.1,0.5,0.637057373266595,1.0,0.6344484610220157,0.6262078546226646,0.6386362176281212,0.6395175603927027,0.6300539621672908,0.633319188947583,0.6437999114665185,0.6437104306672033,0.6286699392660199,0.6329090134370533
2,2,0.2747660169769434,0.91548,5000,1.8733665015962389,0.841726618705036,834,1.870038673138847,0.8486,0.809260781668402,0.08313060748389231,,,0.7870640286496744,,0.787078961899503,0.212921038100497,0.9682807690453403,0.40569819553528186,5,0.1,0.5,0.6264148648328987,0.6344484610220157,1.0,0.6217786920027204,0.6277523802303262,0.6269217459732993,0.6232413496782999,0.6225721297028102,0.6305855150604134,0.6193581507542685,0.6247992977607602,0.6282191072131407
2,3,0.2645499394969291,0.92028,5000,1.8822697047834043,0.8345323741007195,834,1.8698453004367817,0.8488,0.8050873726854677,0.08321613899544589,,,0.8068388580382074,,0.8068570854876763,0.19314291451232368,0.9685647841716721,0.4057829237368992,5,0.1,0.5,0.621346034345207,0.6262078546226646,0.6217786920027204,1.0,0.6276308553703983,0.6269471098582872,0.6192333609708598,0.6189264873213239,0.6335186750679629,0.6161220409093342,0.6091864442532816,0.6228515930216357
2,4,0.27298716693926767,0.91684,5000,1.8732551203833685,0.8535414165666266,833,1.8695940407701195,0.8489,0.8148802770474937,0.0837451219766713,,,0.9291393764455977,,0.929155162893429,0.07084483710657097,0.9690085608240614,0.40599095475090946,5,0.1,0.5,0.6296668849603383,0.6386362176281212,0.6277523802303262,0.6276308553703983,1.0,0.6408503489751373,0.6337962705487533,0.6246674190480812,0.633724613519836,0.636322091947444,0.6169431323170735,0.6281355775470073
2,5,0.2573828937539202,0.9226,5000,1.8724497071018926,0.8475390156062425,833,1.8702593588600525,0.8485,0.8157793492618706,0.0831949955742149,,,0.8019505129132571,,0.8019677727021736,0.19803222729782644,0.9681067573167629,0.40576401667064216,5,0.1,0.5,0.6263956855934876,0.6395175603927027,0.6269217459732993,0.6269471098582872,0.6408503489751373,1.0,0.6327018922904836,0.6340103081722884,0.6385179927931686,0.6332474670609011,0.6200248433049902,0.6315933963484163
2,6,0.27655647098780817,0.9174,5000,1.8750101681108828,0.8307322929171669,833,1.8700460473569438,0.8487,0.8104952819584049,0.08318778704473746,,,0.800283905624675,,0.8003062095276342,0.1996937904723658,0.9684050549888574,0.40575772438563745,5,0.1,0.5,0.6215910703430962,0.6300539621672908,0.6232413496782999,0.6192333609708598,0.6337962705487533,0.6327018922904836,1.0,0.6256608819808521,0.6354689079190248,0.6257484890000664,0.6222305910900336,0.6283298493167226
2,7,0.271919537886123,0.91928,5000,1.872151635311268,0.8535414165666266,833,1.8705456694855858,0.8478,0.8104311330445477,0.08298032393244441,,,0.752318570095215,,0.7523317102555093,0.24766828974449073,0.9677628600027661,0.4055021051357162,5,0.1,0.5,0.6312276320452915,0.633319188947583,0.6225721297028102,0.6189264873213239,0.6246674190480812,0.6340103081722884,0.6256608819808521,1.0,0.6318067095291761,0.6251713001848809,0.62528972471154,0.6261646950321359
2,8,0.26530320145676184,0.91916,5000,1.8737589650683932,0.858343337334934,833,1.8695765303346676,0.849,0.8196175766941144,0.08405161343120576,,,0.9999999997688007,,1.0,0.0,0.9690445251863239,0.4059981481316556,5,0.1,0.5,0.6286038075731565,0.6437999114665185,0.6305855150604134,0.6335186750679629,0.633724613519836,0.6385179927931686,0.6354689079190248,0.6318067095291761,1.0,0.6389642761857199,0.6323066506519424,0.6361685017921705
2,9,0.2980250937582415,0.91256,5000,1.8518036074108548,0.8475390156062425,833,1.8701875411664335,0.8486,0.8120816242391166,0.08307624033340152,,,0.7744943791045177,,0.7744992721248933,0.22550072787510667,0.9679749884289515,0.40563441889727764,5,0.1,0.5,0.6280988760418117,0.6437104306672033,0.6193581507542685,0.6161220409093342,0.636322091947444,0.6332474670609011,0.6257484890000664,0.6251713001848809,0.6389642761857199,1.0,0.6225053681970076,0.6253561917988173
2,10,0.2831846224547476,0.91288,5000,1.8653719822565715,0.8715486194477791,833,1.870168782651615,0.8488,0.8046523486622623,0.08297029548663634,,,0.75,,0.750002509914161,0.24999749008583905,0.9678808426133461,0.40548564179354124,5,0.1,0.5,0.6183018831074859,0.6286699392660199,0.6247992977607602,0.6091864442532816,0.6169431323170735,0.6200248433049902,0.6222305910900336,0.62528972471154,0.6323066506519424,0.6225053681970076,1.0,0.6210511894609534
2,11,0.27186112968357884,0.91772,5000,1.87547677093082,0.8487394957983193,833,1.870008491860411,0.8489,0.8113904567906258,0.0832316769368719,,,0.8104312199077393,,0.8104512825661362,0.1895487174338638,0.9684750652934331,0.4057957859450324,5,0.1,0.5,0.6259001758621476,0.6329090134370533,0.6282191072131407,0.6228515930216357,0.6281355775470073,0.6315933963484163,0.6283298493167226,0.6261646950321359,0.6361685017921705,0.6253561917988173,0.6210511894609534,1.0
3,0,0.24160644602694897,0.9278,5000,1.6327060284437958,0.907673860911271,834,1.6445543838385195,0.9035,0.8089378290614757,0.0837809697698052,,,0.9229902006021324,,0.9230008533708147,0.07699914662918528,0.9712461457267567,0.4039919033567055,5,0.1,0.5,1.0,0.6227157495106596,0.6197492711977561,0.625019341672255,0.6240804431477812,0.6251644369396783,0.6216902898337521,0.6174309638231239,0.6249666993505939,0.6155897117657998,0.6175060050544222,0.6267035920116624
3,1,0.24179756887624881,0.92692,5000,1.6408305388909799,0.9112709832134293,834,1.6455816342807805,0.9034,0.8070762873605848,0.08324947983454818,,,0.8140830737659881,,0.8141006977561367,0.1858993022438633,0.9706381895466095,0.40380070964764775,5,0.1,0.5,0.6227157495106596,1.0,0.6184054542694636,0.6156094370061576,0.6168605955603342,0.6223812118643494,0.6297954177479378,0.6134435380267268,0.6341480321842095,0.6203678363517613,0.6150111308903173,0.616943679252806
3,2,0.2498718143417055,0.924,5000,1.644969481009024,0.9064748201438849,834,1.6452997724849956,0.9035,0.8070199377565955,0.0831650027169123,,,0.7967729432163393,,0.7967822900456805,0.20321770995431954,0.9703272449647206,0.40372625218701474,5,0.1,0.5,0.6197492711977561,0.6184054542694636,1.0,0.6228448738186189,0.6210911504723898,0.6266397814878591,0.6219683290398467,0.6163751626656644,0.6277685634608813,0.6133789256803969,0.6211718141745496,0.6163900451937828
3,3,0.24320146376207755,0.92752,5000,1.6610390698468243,0.8908872901678657,834,1.6450368817241048,0.9033,0.8087460826434811,0.08328178713375557,,,0.8207031335246193,,0.820726871141007,0.17927312885899305,0.9706232899981106,0.40382437584623615,5,0.1,0.5,0.625019341672255,0.6156094370061576,0.6228448738186189,1.0,0.6239895057813035,0.6299913886144435,0.6266813765574687,0.6196288426127465,0.6337059383599679,0.6154595471559448,0.61723496016546,0.6118715123103656
3,4,0.24543773815700204,0.92824,5000,1.646792354407134,0.9027611044417767,833,1.644622863672031,0.9033,0.8057170171738284,0.0835264768258584,,,0.8708422792837065,,0.8708598965915366,0.12914010340846338,0.9711438479817691,0.40394339855876715,5,0.1,0.5,0.6240804431477812,0.6168605955603342,0.6210911504723898,0.6239895057813035,1.0,0.6268858904472389,0.622602108816478,0.6113212527486566,0.6271837510867669,0.617507032843005,0.6104614354084864,0.6082817320899213
3,5,0.2327511891872462,0.92884,5000,1.6499504733968664,0.9003601440576231,833,1.6454884198526987,0.9034,0.8135114198527803,0.08343385065603237,,,0.8518623337449239,,0.8518799257065408,0.1481200742934592,0.9706544353800595,0.4039100472694964,5,0.1,0.5,0.6251644369396783,0.6223812118643494,0.6266397814878591,0.6299913886144435,0.6268858904472389,1.0,0.630209182348137,0.620512506461891,0.638530738228223,0.6254076602094033,0.6216535485121042,0.6209890164310965
3,6,0.24241876471906332,0.93004,5000,1.6494189765718248,0.8883553421368547,833,1.6452353724275535,0.9035,0.8117117481446752,0.08336636268087494,,,0.8380334331716126,,0.8380502986797852,0.1619497013202148,0.9706068059868602,0.4038779385699875,5,0.1,0.5,0.6216902898337521,0.6297954177479378,0.6219683290398467,0.6266813765574687,0.622602108816478,0.630209182348137,1.0,0.6182664706813912,0.6321257275239046,0.6263580159102873,0.6273151029748306,0.6140385425104701
3,7,0.24862211112905838,0.92748,5000,1.6495092180040147,0.9087635054021609,833,1.6460579332833092,0.9035,0.8033251254702435,0.08293674080895438,,,0.75,,0.750002509914161,0.24999749008583905,0.9698223137859171,0.4034524898407377,5,0.1,0.5,0.6174309638231239,0.6134435380267268,0.6163751626656644,0.6196288426127465,0.6113212527486566,0.620512506461891,0.6182664706813912,1.0,0.6254762596405763,0.6134205122792112,0.625028924783432,0.6098140341900343
3,8,0.23890491656419247,0.92664,5000,1.6559322984130294,0.9171668667466987,833,1.6445724301444837,0.9034,0.8179812492354273,0.08415679396401797,,,0.9999999997950909,,1.0,0.0,0.9712645275789444,0.4040042468600205,5,0.1,0.5,0.6249666993505939,0.6341480321842095,0.6277685634608813,0.6337059383599679,0.6271837510867669,0.638530738228223,0.6321257275239046,0.6254762596405763,1.0,0.6345574737182038,0.6246442667239687,0.6249716202034492
3,9,0.2714241060600349,0.91992,5000,1.6239056631370827,0.885954381752701,833,1.6455031580056627,0.9035,0.8049224925552506,0.08305591354256951,,,0.7744195781599447,,0.7744239747000653,0.2255760252999347,0.9701315055696709,0.40361094890148536,5,0.1,0.5,0.6155897117657998,0.6203678363517613,0.6133789256803969,0.6154595471559448,0.617507032843005,0.6254076602094033,0.6263580159102873,0.6134205122792112,0.6345574737182038,1.0,0.6083588613553558,0.6152107582722421
3,10,0.26059872282751995,0.92416,5000,1.6369930858965274,0.9231692677070829,833,1.645589486859477,0.9037,0.8046418665744179,0.08297598674261852,,,0.7580418491335992,,0.7580543145424427,0.24194568545755735,0.9698108691817284,0.4035102580243173,5,0.1,0.5,0.6175060050544222,0.6150111308903173,0.6211718141745496,0.61723496016546,0.6104614354084864,0.6216535485121042,0.6273151029748306,0.625028924783432,0.6246442667239687,0.6083588613553558,1.0,0.6151740492102039
3,11,0.2478247279752117,0.92436,5000,1.653675878489459,0.8991596638655462,833,1.645227965836327,0.9035,0.8023916530761985,0.08307063532405266,,,0.7774362052245084,,0.7774459113498319,0.22255408865016812,0.9703413640568971,0.40362789309621305,5,0.1,0.5,0.6267035920116624,0.616943679252806,0.6163900451937828,0.6118715123103656,0.6082817320899213,0.6209890164310965,0.6140385425104701,0.6098140341900343,0.6249716202034492,0.6152107582722421,0.6151740492102039,1.0
4,0,0.22160811591181595,0.93312,5000,1.3821620764555755,0.9292565947242206,834,1.3969595367535235,0.9262,0.8006903639883258,0.08368806953619828,,,0.9325508780750281,,0.9325686461523016,0.06743135384769838,0.9716421193528134,0.3995239311613226,5,0.1,0.5,1.0,0.6096697713727671,0.6071114064481212,0.6131975099307962,0.6114887399044509,0.6074911386796279,0.6040312023829171,0.6017654476722686,0.6033545968227505,0.6105441997733424,0.5953921765558614,0.6114242777351525
4,1,0.22551887693524267,0.93008,5000,1.3925049437416925,0.9364508393285371,834,1.3982287043580612,0.9262,0.7992056677993367,0.08328290854977924,,,0.8470909365645531,,0.8471060689724411,0.15289393102755888,0.971094779114036,0.3994210382271332,5,0.1,0.5,0.6096697713727671,1.0,0.6069972273858292,0.6085312422832587,0.6013979840945736,0.6067509618933553,0.606718740002295,0.6023909681834843,0.6082052024996982,0.6074620043719398,0.5967959895645949,0.6087660238111624
4,2,0.23102047968252448,0.93076,5000,1.3935699242132682,0.9232613908872902,834,1.3979840450012646,0.9263,0.7994779648539796,0.08323628976021884,,,0.8372577118398989,,0.837277245118217,0.162722754881783,0.970929188887551,0.3993947343457408,5,0.1,0.5,0.6071114064481212,0.6069972273858292,1.0,0.6142151249434458,0.6061685736292551,0.6048602784755912,0.6039185590950317,0.6024010697879228,0.6065471583759386,0.6001711123660586,0.6037988876723451,0.6105434673043294
4,3,0.22055037890110094,0.9318,5000,1.4155309288590043,0.9148681055155875,834,1.3975153955788657,0.9261,0.8046147916998494,0.08349358526717267,,,0.8915286305912923,,0.8915466091059686,0.10845339089403139,0.9712009903343778,0.39949764808394655,5,0.1,0.5,0.6131975099307962,0.6085312422832587,0.6142151249434458,1.0,0.6184698096875602,0.6089946891255699,0.6053166899873461,0.6139116559582288,0.6156352303481589,0.610725597152826,0.6013027202342429,0.6050544814886551
4,4,0.23087903312674374,0.92992,5000,1.3976584098957203,0.9303721488595438,833,1.397061803089544,0.9264,0.7982639278164423,0.08343405955215293,,,0.8789729692752369,,0.8789769589880027,0.12102304101199735,0.971490598484382,0.39948176255462536,5,0.1,0.5,0.6114887399044509,0.6013979840945736,0.6061685736292551,0.6184698096875602,1.0,0.6025961494004256,0.6013391850401094,0.6053915855752682,0.6076290620326597,0.609939518767821,0.5921977185985381,0.5966850300511779
4,5,0.21412497565363814,0.9374,5000,1.4051228055247553,0.921968787515006,833,1.3980666635135492,0.9262,0.7983650712908219,0.08337603813984235,,,0.8667346080592613,,0.8667486571959239,0.13325134280407613,0.9714057034564676,0.3994628730368945,5,0.1,0.5,0.6074911386796279,0.6067509618933553,0.6048602784755912,0.6089946891255699,0.6025961494004256,1.0,0.6045868475148028,0.6053164423219957,0.6051882826500397,0.60884650744168,0.5944711238533218,0.6056878094251141
4,6,0.2257123286373154,0.93244,5000,1.4017419152789645,0.9147659063625451,833,1.39783120726625,0.9262,0.7975643442102193,0.08330317710128075,,,0.8513661488477763,,0.8513829627026755,0.14861703729732445,0.9712718071861154,0.3994310370558505,5,0.1,0.5,0.6040312023829171,0.606718740002295,0.6039185590950317,0.6053166899873461,0.6013391850401094,0.6045868475148028,1.0,0.6002986241403184,0.6071814449791206,0.6060631373349926,0.6039303154803685,0.6040475970369993
4,7,0.22326134775711853,0.935,5000,1.4040508844234325,0.9267707082833133,833,1.3989579761371065,0.9256,0.7980842183761153,0.0830358352769439,,,0.7949761768688326,,0.7949851915064505,0.20501480849354947,0.9703353148421868,0.39923515132138965,5,0.1,0.5,0.6017654476722686,0.6023909681834843,0.6024010697879228,0.6139116559582288,0.6053915855752682,0.6053164423219957,0.6002986241403184,1.0,0.6123465010245095,0.6035625100977597,0.6016176478843929,0.6054102799394145
4,8,0.21699202175839408,0.93552,5000,1.415563667262042,0.9399759903961584,833,1.3969629843014117,0.9263,0.8026915723767862,0.08400784219463628,,,0.9999999997890716,,1.0,0.0,0.9716678707565887,0.399530093239012,5,0.1,0.5,0.6033545968227505,0.6082052024996982,0.6065471583759386,0.6156352303481589,0.6076290620326597,0.6051882826500397,0.6071814449791206,0.6123465010245095,1.0,0.6152054851113359,0.6063143381226618,0.6053663213018212
4,9,0.24782366258726948,0.9256,5000,1.3735204449406377,0.9147659063625451,833,1.3982905134225425,0.9262,0.800013665646556,0.08318252738915294,,,0.8259177031994711,,0.8259324331107876,0.17406756688921243,0.9706196525490114,0.3993601537216872,5,0.1,0.5,0.6105441997733424,0.6074620043719398,0.6001711123660586,0.610725597152826,0.609939518767821,0.60884650744168,0.6060631373349926,0.6035625100977597,0.6152054851113359,1.0,0.5941903533306366,0.605510913192871
4,10,0.2351039832446036,0.9288,5000,1.3860227046189484,0.943577430972389,833,1.39857479368155,0.9258,0.7912425985705965,0.08282260564135727,,,0.75,,0.750002509914161,0.24999749008583905,0.9702549914066649,0.3989667534662374,5,0.1,0.5,0.5953921765558614,0.5967959895645949,0.6037988876723451,0.6013027202342429,0.5921977185985381,0.5944711238533218,0.6039303154803685,0.6016176478843929,0.6063143381226618,0.5941903533306366,1.0,0.5986845218841104
4,11,0.22486660252414217,0.93064,5000,1.409593105316162,0.9195678271308524,833,1.397962894683448,0.9262,0.7984341460913803,0.08313706159126462,,,0.8163276771147676,,0.8163495808443352,0.18365041915566482,0.9706358420544657,0.3993272980731919,5,0.1,0.5,0.6114242777351525,0.6087660238111624,0.6105434673043294,0.6050544814886551,0.5966850300511779,0.6056878094251141,0.6040475970369993,0.6054102799394145,0.6053663213018212,0.605510913192871,0.5986845218841104,1.0
5,0,0.20227335765779872,0.941,5000,1.1299745837847393,0.934052757793765,834,1.1472632250846766,0.9406,0.7902229798306586,0.08370526123991556,,,0.9560717595267714,,0.9560915616685909,0.043908438331409116,0.9697099619193049,0.3931928386441434,5,0.1,0.5,1.0,0.5904863999540227,0.5932029687407421,0.5838553701437678,0.5769407790112798,0.581971435106942,0.5870869291645457,0.5875849736077196,0.581978956071921,0.5889154428012412,0.5854096371587177,0.5979758595097381
5,1,0.20937980973713433,0.93612,5000,1.1417432714391638,0.9484412470023981,834,1.1486585848628523,0.94,0.7894110196130354,0.08340599876580092,,,0.8840070285237579,,0.8840218864514834,0.11597811354851661,0.9694884803172473,0.3931498842928545,5,0.1,0.5,0.5904863999540227,1.0,0.5911544053040659,0.5828893206714458,0.5820619926991556,0.5851157459427712,0.5895193289550299,0.586247904790277,0.5866446510715355,0.5936840947685665,0.5792980957695736,0.58252043024621
5,2,0.2160294374605273,0.935,5000,1.1394297237749453,0.9424460431654677,834,1.1484318457472438,0.9402,0.7903073207999429,0.08340636956156335,,,0.8840963190268705,,0.8841072235329551,0.11589277646704488,0.9694328558397255,0.3931499293727681,5,0.1,0.5,0.5932029687407421,0.5911544053040659,1.0,0.5920781869401137,0.5721711798271731,0.5842796186352179,0.5895630858338512,0.5873383340398288,0.5887950611897501,0.5795396364457647,0.59124854060151,0.5889706582383405
5,3,0.2018168688900057,0.9388,5000,1.1674866367269445,0.9376498800959233,834,1.1479601521080676,0.9406,0.7840324738604557,0.08335762145512908,,,0.8723573959043349,,0.8723708649164199,0.1276291350835801,0.9695540260978147,0.39313272181664577,5,0.1,0.5,0.5838553701437678,0.5828893206714458,0.5920781869401137,1.0,0.5798371653283395,0.5826603774908664,0.5791990674533453,0.5866959760213816,0.5871337242376936,0.57253787400198,0.573434350108227,0.5774318741374426
5,4,0.21146057319833308,0.9358,5000,1.1467205926224038,0.943577430972389,833,1.1475335892777854,0.9407,0.7775576047662984,0.08309015462600092,,,0.8079493034751921,,0.807961447718488,0.192038552281512,0.969173123283026,0.39295922060709054,5,0.1,0.5,0.5769407790112798,0.5820619926991556,0.5721711798271731,0.5798371653283395,1.0,0.5772383870299224,0.5794820842774631,0.5745721629705098,0.577638682922415,0.5821741404834657,0.5630328329807582,0.5717853699611269
5,5,0.19754481510715974,0.9406,5000,1.1580003809045862,0.9327731092436975,833,1.1485701959354047,0.9401,0.7832632223883845,0.08325203067538291,,,0.8469303150071447,,0.8469454344661412,0.15305456553385877,0.9694183513664654,0.3930817271317576,5,0.1,0.5,0.581971435106942,0.5851157459427712,0.5842796186352179,0.5826603774908664,0.5772383870299224,1.0,0.5760500274325165,0.5873744903922934,0.5851919841364421,0.579310325512506,0.5733805368241309,0.5785448470968506
5,6,0.2126887456436084,0.93636,5000,1.151952204880891,0.9315726290516206,833,1.1482818854121735,0.9406,0.7879553000061227,0.08336834955112922,,,0.8749408048489806,,0.8749460368455398,0.12505396315446016,0.969491127318278,0.39313671682619633,5,0.1,0.5,0.5870869291645457,0.5895193289550299,0.5895630858338512,0.5791990674533453,0.5794820842774631,0.5760500274325165,1.0,0.5847778978063116,0.5856863078968599,0.5908253640672815,0.584639585542018,0.5890285999142825
5,7,0.2102616394864051,0.93832,5000,1.1565152097631384,0.943577430972389,833,1.1494825225287733,0.94,0.7883118438573128,0.08320226273609428,,,0.8349458082024755,,0.8349530646051905,0.16504693539480952,0.968950204197566,0.39305058669877646,5,0.1,0.5,0.5875849736077196,0.586247904790277,0.5873383340398288,0.5866959760213816,0.5745721629705098,0.5873744903922934,0.5847778978063116,1.0,0.5888635652972792,0.5821948950609308,0.5879309480530991,0.5869267037449196
5,8,0.20367212192463885,0.93928,5000,1.1736286922737404,0.9495798319327731,833,1.1472691531760244,0.9406,0.7893347211289812,0.08388768159551097,,,0.9999999997591922,,1.0,0.0,0.9697229686347792,0.3931946337943802,5,0.1,0.5,0.581978956071921,0.5866446510715355,0.5887950611897501,0.5871337242376936,0.577638682922415,0.5851919841364421,0.5856863078968599,0.5888635652972792,1.0,0.5894181703761722,0.5877062394522697,0.5863405319881825
5,9,0.23058541894409876,0.93276,5000,1.1221278265670493,0.9351740696278511,833,1.1488525661797568,0.94,0.7870444283667785,0.08325570557223297,,,0.8478152587467398,,0.8478289242507906,0.1521710757492094,0.9692699151180589,0.3930839562898291,5,0.1,0.5,0.5889154428012412,0.5936840947685665,0.5795396364457647,0.57253787400198,0.5821741404834657,0.579310325512506,0.5908253640672815,0.5821948950609308,0.5894181703761722,1.0,0.5807414987698758,0.5884398727293325
5,10,0.2196472973604301,0.93416,5000,1.1340406007236905,0.9543817527010804,833,1.1494547475260286,0.9401,0.7823320803576846,0.08284950914394838,,,0.75,,0.750002509914161,0.24999749008583905,0.968168682234686,0.39263238982787246,5,0.1,0.5,0.5854096371587177,0.5792980957695736,0.59124854060151,0.573434350108227,0.5630328329807582,0.5733805368241309,0.584639585542018,0.5879309480530991,0.5877062394522697,0.5807414987698758,1.0,0.578353623891927
5,11,0.20885730097144486,0.93656,5000,1.1614512867397733,0.9315726290516206,833,1.1484297300679995,0.9403,0.7868660616307585,0.08321905507729144,,,0.8389895345496026,,0.8389990462326189,0.1610009537673811,0.9691749782519608,0.39306160317836597,5,0.1,0.5,0.5979758595097381,0.58252043024621,0.5889706582383405,0.5774318741374426,0.5717853699611269,0.5785448470968506,0.5890285999142825,0.5869267037449196,0.5863405319881825,0.5884398727293325,0.578353623891927,1.0
6,0,0.19365234188379565,0.94152,5000,0.8941231193365874,0.9436450839328537,834,0.9126307482536609,0.9496,0.7714253292474628,0.08355399229894717,,,1.0,,1.0,0.0,0.9678775125467096,0.3861301217481675,5,0.1,0.5,1.0,0.5633146644619468,0.5553770763441037,0.5574688663340566,0.5544538580475449,0.5561975175733141,0.5649245725069876,0.5577317857249084,0.554320406009852,0.5647239577544981,0.5578647517802913,0.5605590372573626
6,1,0.18976015024825896,0.94284,5000,0.9047455809734486,0.9568345323741008,834,0.9139532060288011,0.9493,0.7775814285932338,0.08357062340318444,,,1.0,,1.0,0.0,0.9677573946805046,0.3861301217481675,5,0.1,0.5,0.5633146644619468,1.0,0.5579859799177981,0.5631004151525217,0.5592036528353995,0.5591748501241268,0.5691633902285492,0.564838339666635,0.5749451169002636,0.566166364409076,0.563996978038704,0.5635903967302464
6,2,0.20009005213286846,0.93848,5000,0.9006554109078867,0.9520383693045563,834,0.9137604912629904,0.9494,0.767696174683723,0.08322116327009027,,,1.0,,1.0,0.0,0.9677576315827762,0.3861301217481675,5,0.1,0.5,0.5553770763441037,0.5579859799177981,1.0,0.5654057518674196,0.5506832344127466,0.5557190667179494,0.5617535278981958,0.548097135146358,0.5625658863974896,0.5445397688134943,0.5609702530069517,0.5507830374974917
6,3,0.1923881819353077,0.9422,5000,0.9326974815792508,0.947242206235012,834,0.9132892597978488,0.9496,0.7731642818855875,0.08338184124610652,,,1.0,,1.0,0.0,0.9677166756418483,0.3861301217481675,5,0.1,0.5,0.5574688663340566,0.5631004151525217,0.5654057518674196,1.0,0.5596347755481763,0.5635588383066855,0.5635603150598544,0.5579394278816986,0.5683421782629878,0.5530127628945607,0.5597725136442291,0.5530129580439147
6,4,0.1970811952412674,0.94088,5000,0.9101206726498074,0.9495798319327731,833,0.9128679463657708,0.9496,0.7679926603569676,0.08301910479213268,,,1.0,,1.0,0.0,0.9672227338636636,0.3861301217481675,5,0.1,0.5,0.5544538580475449,0.5592036528353995,0.5506832344127466,0.5596347755481763,1.0,0.5585940230740468,0.5621865574730822,0.5500293680901094,0.5605085451920803,0.5625546768999714,0.5537700540986142,0.5467079601596968
6,5,0.18443607399240136,0.94528,5000,0.9247392923743637,0.9447779111644657,833,0.9138735138570158,0.9493,0.770004562051735,0.08319908628081057,,,1.0,,1.0,0.0,0.9675663626167034,0.3861301217481675,5,0.1,0.5,0.5561975175733141,0.5591748501241268,0.5557190667179494,0.5635588383066855,0.5585940230740468,1.0,0.5630903277040424,0.5525062358412395,0.5626573651770916,0.556421950184756,0.5573985584150668,0.5507919668580046
6,6,0.2012379529776206,0.93924,5000,0.9165105356110467,0.9447779111644657,833,0.9136031216706711,0.9492,0.7783624030563095,0.08357294551931561,,,1.0,,1.0,0.0,0.9677239115133841,0.3861301217481675,5,0.1,0.5,0.5649245725069876,0.5691633902285492,0.5617535278981958,0.5635603150598544,0.5621865574730822,0.5630903277040424,1.0,0.5653178445338326,0.5684854321499341,0.5639043056807446,0.573245281339234,0.5573693450217453
6,7,0.19419486337181205,0.94276,5000,0.9235308766365051,0.9483793517406963,833,0.9147559994706711,0.949,0.7693363196009299,0.08314199390598329,,,1.0,,1.0,0.0,0.9675011098903666,0.3861301217481675,5,0.1,0.5,0.5577317857249084,0.564838339666635,0.548097135146358,0.5579394278816986,0.5500293680901094,0.5525062358412395,0.5653178445338326,1.0,0.5678896379342896,0.5548421199515556,0.5603630023306805,0.5505815822665019
6,8,0.18444963281642004,0.94432,5000,0.9448115229606628,0.9555822328931572,833,0.9126348438354346,0.9496,0.7791747783173191,0.08395075934242978,,,1.0,,1.0,0.0,0.9678850523303982,0.3861301217481675,5,0.1,0.5,0.554320406009852,0.5749451169002636,0.5625658863974896,0.5683421782629878,0.5605085451920803,0.5626573651770916,0.5684854321499341,0.5678896379342896,1.0,0.5720658433840191,0.5653942147117812,0.5606708984279591
6,9,0.21580120291157512,0.93488,5000,0.8883060261055276,0.943577430972389,833,0.9141717850209806,0.9491,0.772254540749715,0.08328115361117296,,,1.0,,1.0,0.0,0.9675813881967583,0.3861301217481675,5,0.1,0.5,0.5647239577544981,0.566166364409076,0.5445397688134943,0.5530127628945607,0.5625546768999714,0.556421950184756,0.5639043056807446,0.5548421199515556,0.5720658433840191,1.0,0.5582004071665618,0.5604486987669981
6,10,0.2016593544773615,0.93968,5000,0.8970215872482017,0.9591836734693877,833,0.9147464162625444,0.9493,0.7729708042791501,0.08303346354877345,,,1.0,,1.0,0.0,0.9664350487183357,0.3861301217481675,5,0.1,0.5,0.5578647517802913,0.563996978038704,0.5609702530069517,0.5597725136442291,0.5537700540986142,0.5573985584150668,0.573245281339234,0.5603630023306805,0.5653942147117812,0.5582004071665618,1.0,0.5547287933383335
6,11,0.1938300454698408,0.9416,5000,0.9269292509114301,0.943577430972389,833,0.9137383377590118,0.9491,0.7670916815355534,0.08307387278105327,,,1.0,,1.0,0.0,0.9675207895083306,0.3861301217481675,5,0.1,0.5,0.5605590372573626,0.5635903967302464,0.5507830374974917,0.5530129580439147,0.5467079601596968,0.5507919668580046,0.5573693450217453,0.5505815822665019,0.5606708984279591,0.5604486987669981,0.5547287933383335,1.0
7,0,0.17608238007060614,0.94672,5000,0.6884126056123663,0.9484412470023981,834,0.7066115795994719,0.9531,0.7495481010258854,0.08330233083667293,,,1.0,,1.0,0.0,0.965082497610255,0.3773091266083137,5,0.1,0.5,1.0,0.5255745268004741,0.5259591584058676,0.5251277616142953,0.5274534834381192,0.5227349566407038,0.5324530448262268,0.5223618794816132,0.5225947526431989,0.5269416232142178,0.5207601078728421,0.5342634630689759
7,1,0.17628976994870338,0.94576,5000,0.6963138933534976,0.960431654676259,834,0.7077708686121736,0.953,0.759030666873234,0.08365158919923033,,,1.0,,1.0,0.0,0.965082497610255,0.3773091266083137,5,0.1,0.5,0.5255745268004741,1.0,0.5340911848015036,0.5259922144345544,0.5279211476588986,0.5349178326421016,0.5409509035418679,0.5326560657024969,0.5400669063081485,0.5393471223018267,0.5362050257181838,0.5342406153189065
