round,client_id,client_i_training_loss,client_i_training_accuracy,client_i_training_dataset_size,client_i_evaluation_loss,client_i_evaluation_accuracy,client_i_evaluation_dataset_size,client_i_central_evaluation_loss,client_i_central_evaluation_accuracy,client_i_cosine_similarity,client_i_importance_coefficient,client_i_tanh_val,tanh_normalization_value,client_i_q,client_i_mask_order,client_i_v_nonzero_fraction,client_i_v_sparsity,client_i_v_cosine_similarity,client_i_reward_gradient_norm,local_epochs,learning_rate,gamma,client_0_cosine_similarity,client_1_cosine_similarity,client_2_cosine_similarity,client_3_cosine_similarity,client_4_cosine_similarity,client_5_cosine_similarity,client_6_cosine_similarity,client_7_cosine_similarity,client_8_cosine_similarity,client_9_cosine_similarity,client_10_cosine_similarity,client_11_cosine_similarity
0,0,2.279794625079993,0.13256539476841853,4167,2.2930812495095387,0.11630695443645084,834,2.2970885989032213,0.1075,0.9814473729548937,0.08370487163601233,,,0.9498918475028472,,0.9499183046987176,0.05008169530128237,0,0.1465633673445347,10,0.025,0.15,1.0,0.9535443483672876,0.9611546910026276,0.9501793609645725,0.9616909764413378,0.9517160809633827,0.9491520665936515,0.9659458754173939,0.959367668388531,0.9531315368266956,0.950470294516735,0.9512024200451996
0,1,2.278111644224687,0.1548836093112551,4167,2.296031509126936,0.12470023980815348,834,2.2970886109750484,0.1075,0.9804167847948421,0.08361697568557842,,,0.9416545549888267,,0.9416910102160387,0.05830898978396126,0,0.14656320367539508,10,0.025,0.15,0.9535443483672876,1.0,0.941328852806324,0.9680864209632917,0.9540238226078667,0.9696466106934929,0.9311698307072969,0.9393178400590888,0.9481729467231056,0.9719386054891301,0.9553065260816135,0.9629425398137453
0,2,2.2788714098207876,0.13698104151667867,4167,2.2977609974997386,0.09952038369304557,834,2.2970889369143714,0.1075,0.9754636571481624,0.08319453743235468,,,0.9020651604406378,,0.9021059233219455,0.0978940766780545,0,0.1465613805004146,10,0.025,0.15,0.9611546910026276,0.941328852806324,1.0,0.9602414850628035,0.9570232930329133,0.9446590762462391,0.9246324504004575,0.9595809768613344,0.9422753479592733,0.935529636861613,0.9586576917167341,0.9523117154062858
0,3,2.2682513786084724,0.1537077033837293,4167,2.2971867493220737,0.09592326139088729,834,2.2970885989032213,0.1075,0.9814609041711608,0.08370602567519153,,,0.9499999999062836,,0.9500173293063326,0.04998267069366735,0,0.14656336785167845,10,0.025,0.15,0.9501793609645725,0.9680864209632917,0.9602414850628035,1.0,0.9628731220997317,0.9658008009588104,0.9257846553204402,0.9451861204105187,0.9445831714552017,0.96357896029316,0.9639398725813966,0.9574636808418312
0,4,2.269869209058357,0.1468682505399568,4167,2.2966040883745467,0.09723889555822329,833,2.2970886079570914,0.1075,0.9800213054801704,0.08358324637295149,,,0.9384935650566019,,0.9385469789242626,0.06145302107573736,0,0.1465631362014814,10,0.025,0.15,0.9616909764413378,0.9540238226078667,0.9570232930329133,0.9628731220997317,1.0,0.9451141709895473,0.9408669382171423,0.9510548307827544,0.956145846245409,0.9477286987918927,0.9622162854274856,0.9520988663306815
0,5,2.2771145517175846,0.15987520998320134,4167,2.2983249255589078,0.10684273709483794,833,2.2970889157886747,0.1075,0.9756331891321559,0.08320899633595912,,,0.9034201969108484,,0.903459259626017,0.09654074037398297,0,0.14656148132017344,10,0.025,0.15,0.9517160809633827,0.9696466106934929,0.9446590762462391,0.9658008009588104,0.9451141709895473,1.0,0.9203236972085617,0.9397400069416906,0.9378643655674367,0.9640641436747169,0.9461844523865153,0.9542726997018309
0,6,2.2723759817354607,0.13782097432205423,4167,2.2942611830575124,0.11404561824729892,833,2.2970956096166297,0.1076,0.9626940309967457,0.08210545212090688,,,0.8,,0.8000115528708884,0.19998844712911157,0,0.1465099713817577,10,0.025,0.15,0.9491520665936515,0.9311698307072969,0.9246324504004575,0.9257846553204402,0.9408669382171423,0.9203236972085617,1.0,0.9432930502266977,0.9461167729579686,0.9341164773856616,0.9266470185219173,0.9455704832300076
0,7,2.2739246874144583,0.13112550995920327,4167,2.297952856336321,0.09963985594237695,833,2.2970888976809345,0.1075,0.9760531561603096,0.08324481413643589,,,0.9067769124168477,,0.9068260962849268,0.09317390371507317,0,0.14656175605792432,10,0.025,0.15,0.9659458754173939,0.9393178400590888,0.9595809768613344,0.9451861204105187,0.9510548307827544,0.9397400069416906,0.9432930502266977,1.0,0.9698878411388395,0.9376016551983837,0.9464281528331954,0.9462729821084173
0,8,2.273263084527218,0.13612578012481996,4166,2.29837897845677,0.10444177671068428,833,2.2970888071422335,0.1075,0.9769126992157734,0.08331812213348784,,,0.9136470743794054,,0.9136918024128996,0.0863081975871004,0,0.146562124883074,10,0.025,0.15,0.959367668388531,0.9481729467231056,0.9422753479592733,0.9445831714552017,0.956145846245409,0.9378643655674367,0.9461167729579686,0.9698878411388395,1.0,0.9526697414023718,0.9462945942807232,0.9510203965735468
0,9,2.26989542426485,0.15465674507921268,4166,2.297727516719273,0.10804321728691477,833,2.2970886894419222,0.1075,0.9782860370141382,0.08343525023153237,,,0.9246238986863359,,0.92465877770626,0.07534122229373996,0,0.14656261353638794,10,0.025,0.15,0.9531315368266956,0.9719386054891301,0.935529636861613,0.96357896029316,0.9477286987918927,0.9640641436747169,0.9341164773856616,0.9376016551983837,0.9526697414023718,1.0,0.9557169777638264,0.9544265612776123
0,10,2.278212773438656,0.15040806529044648,4166,2.2979651519230435,0.11164465786314526,833,2.297088674352139,0.1075,0.9776813470016826,0.0833836779299837,,,0.9197907279727767,,0.9198313280850291,0.0801686719149709,0,0.14656240954408048,10,0.025,0.15,0.950470294516735,0.9553065260816135,0.9586576917167341,0.9639398725813966,0.9622162854274856,0.9461844523865153,0.9266470185219173,0.9464281528331954,0.9462945942807232,0.9557169777638264,1.0,0.9515494359703325
0,11,2.2775484605269,0.14099855976956313,4166,2.299511330468314,0.11284513805522209,833,2.2970886773700956,0.1075,0.9790221392444466,0.08349803030960568,,,0.9305074219270543,,0.9305424898087175,0.06945751019128255,0,0.14656283247509902,10,0.025,0.15,0.9512024200451996,0.9629425398137453,0.9523117154062858,0.9574636808418312,0.9520988663306815,0.9542726997018309,0.9455704832300076,0.9462729821084173,0.9510203965735468,0.9544265612776123,0.9515494359703325,1.0
1,0,2.1644922614097597,0.20655147588192946,4167,2.280862603868757,0.15587529976019185,834,2.2850488560109197,0.1427,0.9886436583392182,0.083712710508896,,,0.9499999998687207,,0.9500173293063326,0.04998267069366735,0.8588793737380304,0.14760211213431862,10,0.025,0.15,1.0,0.9710191329617884,0.9703234178194176,0.974981636593323,0.9704523306559689,0.9664219057228356,0.9749750469182303,0.9708635290020553,0.9689992217545729,0.9685062021452869,0.9689101524478111,0.9685750992136386
1,1,2.16537918213642,0.21106311495080393,4167,2.285226651600429,0.15467625899280577,834,2.2850492573991605,0.1427,0.9837329370232123,0.08349910670427099,,,0.9219582675574702,,0.9220016174019244,0.07799838259807557,0.8588776340593461,0.1475996224224196,10,0.025,0.15,0.9710191329617884,1.0,0.9554561055713418,0.9689087053844078,0.9633720616923107,0.9697706816504471,0.9621456647484936,0.96227753329791,0.9703620403774106,0.9649796256104818,0.9664684767801579,0.9611625341975133
1,2,2.170363174424027,0.2019678425725942,4167,2.2865710258483887,0.13309352517985612,834,2.285046870195413,0.1429,0.9822339062516424,0.08318992395770114,,,0.8813690101245818,,0.8814180323810467,0.11858196761895334,0.858955956779974,0.14759366300955884,10,0.025,0.15,0.9703234178194176,0.9554561055713418,1.0,0.9702297728441619,0.9604846026131701,0.9581642076136562,0.9605238115841455,0.967659566155098,0.9606070109345476,0.9578601856785509,0.9666211839351065,0.9704764127581963
1,3,2.1459424723278393,0.21463882889368852,4167,2.2843049253736223,0.13908872901678657,834,2.2850490189805814,0.1427,0.9878380633843813,0.08368727349116792,,,0.946660649040304,,0.946708257001865,0.053291742998134994,0.8588731775143732,0.14760201031187806,10,0.025,0.15,0.974981636593323,0.9689087053844078,0.9702297728441619,1.0,0.966013886928381,0.9695965791536177,0.9698601277687477,0.9700310505882636,0.9711235774212259,0.9671808713157031,0.968215777285361,0.9683244571731818
1,4,2.1509043184193697,0.20595152387808977,4167,2.283592258180891,0.14285714285714285,833,2.2850493268121648,0.1427,0.9824487108402887,0.08343662059998373,,,0.9137551430266488,,0.9137990790711492,0.08620092092885079,0.8588789548420264,0.14759906796387426,10,0.025,0.15,0.9704523306559689,0.9633720616923107,0.9604846026131701,0.966013886928381,1.0,0.9637885691647978,0.9673231930612388,0.9626026334843538,0.9668669379916388,0.9568938135290515,0.9611051737234558,0.9619722216960273
1,5,2.164166445081884,0.21670266378689704,4167,2.286163534436907,0.148859543817527,833,2.2850462092628963,0.1429,0.9839070271591606,0.08325314872793585,,,0.8896691061152617,,0.8897030912181677,0.11029690878183229,0.8589889518604161,0.14759477565920506,10,0.025,0.15,0.9664219057228356,0.9697706816504471,0.9581642076136562,0.9695965791536177,0.9637885691647978,1.0,0.9652109082849704,0.9663983066179952,0.9667677857499332,0.9682917738088256,0.9601470757598174,0.9636329132540553
1,6,2.1580485022429263,0.1998320134389249,4167,2.2822759492056712,0.15606242496998798,833,2.2850550669658034,0.1427,0.9838311071832492,0.08257010739472052,,,0.8,,0.8000115528708884,0.19998844712911157,0.8581114066178913,0.14753710892618535,10,0.025,0.15,0.9749750469182303,0.9621456647484936,0.9605238115841455,0.9698601277687477,0.9673231930612388,0.9652109082849704,1.0,0.9637418196776448,0.9645429443788845,0.9647190542857002,0.9620176160503017,0.9626766102481145
1,7,2.161721910129894,0.2083753299736021,4167,2.2870313099452426,0.13205282112845138,833,2.2850460251675377,0.1429,0.9838511453903251,0.08327342439655738,,,0.8923308792653927,,0.8923602515225033,0.10763974847749669,0.8589989371454742,0.14759508863748297,10,0.025,0.15,0.9708635290020553,0.96227753329791,0.967659566155098,0.9700310505882636,0.9626026334843538,0.9663983066179952,0.9637418196776448,1.0,0.965331738119777,0.9600721877131502,0.9637966213774352,0.9647482781805691
1,8,2.1528067650216998,0.20931349015842535,4166,2.2863454478127614,0.12845138055222088,833,2.285045910485183,0.1429,0.9840949854548223,0.08332654963895085,,,0.8993051175229142,,0.8993414863593603,0.10065851364063971,0.8589905887329322,0.14759590086001947,10,0.025,0.15,0.9689992217545729,0.9703620403774106,0.9606070109345476,0.9711235774212259,0.9668669379916388,0.9667677857499332,0.9645429443788845,0.965331738119777,1.0,0.9622302329826551,0.9630291484513465,0.9604814314941605
1,9,2.139420583753875,0.22489198271723476,4166,2.2851792063031877,0.13445378151260504,833,2.2850457444975647,0.1429,0.9815808247038884,0.08331717787820682,,,0.8980748004574922,,0.8981119308148074,0.10188806918519255,0.8589988381517928,0.1475957409123471,10,0.025,0.15,0.9685062021452869,0.9649796256104818,0.9578601856785509,0.9671808713157031,0.9568938135290515,0.9682917738088256,0.9647190542857002,0.9600721877131502,0.9622302329826551,1.0,0.9608926265802586,0.9590415695801816
1,10,2.1638233065605164,0.20794527124339895,4166,2.286196231842041,0.1452581032412965,833,2.28504983382889,0.1427,0.9830131321707825,0.08333186338522065,,,0.9000027017758225,,0.9000676668152036,0.09993233318479644,0.8588807395009687,0.14759787886258063,10,0.025,0.15,0.9689101524478111,0.9664684767801579,0.9666211839351065,0.968215777285361,0.9611051737234558,0.9601470757598174,0.9620176160503017,0.9637966213774352,0.9630291484513465,0.9608926265802586,1.0,0.9663296875726411
1,11,2.1566352638331328,0.21209793566970717,4166,2.287280491420201,0.14165666266506602,833,2.2850493811353854,0.1426,0.9830040932900469,0.08340209331638802,,,0.9092224295493527,,0.9092769553233979,0.09072304467660208,0.8588826103488277,0.14759873460309503,10,0.025,0.15,0.9685750992136386,0.9611625341975133,0.9704764127581963,0.9683244571731818,0.9619722216960273,0.9636329132540553,0.9626766102481145,0.9647482781805691,0.9604814314941605,0.9590415695801816,0.9663296875726411,1.0
2,0,2.0745666525580666,0.2503719702423806,4167,2.2621915340423584,0.1906474820143885,834,2.2669540206088294,0.1684,0.9859994337531285,0.0837054061351008,,,0.95,,0.9500173293063326,0.04998267069366735,0.9629488130363778,0.14726314949723482,10,0.025,0.15,1.0,0.966945642674879,0.9643040802857024,0.9678888494516299,0.9635161994048204,0.9626468393745254,0.9644542353135441,0.9640799567035021,0.9656420200786668,0.9616912588274426,0.9673636032154695,0.967444054708296
2,1,2.073343525872086,0.25656347492200626,4167,2.2684586388724193,0.17386091127098321,834,2.266955116127111,0.1684,0.9801052098234297,0.08338206779095703,,,0.95,,0.9500173293063326,0.04998267069366735,0.9629153103404583,0.14726314949723482,10,0.025,0.15,0.966945642674879,1.0,0.9489850653772048,0.9599255034282411,0.9535210367180867,0.9630758442926023,0.9527915140256215,0.9560016864365495,0.9639424273245566,0.9605226068573713,0.9642120831673853,0.9566137458419356
2,2,2.081722882299712,0.24456443484521237,4167,2.269808905465262,0.15467625899280577,834,2.2669529009468947,0.1681,0.978667587193957,0.08314451601827226,,,0.95,,0.9500173293063326,0.04998267069366735,0.9627922668414016,0.14726314949723482,10,0.025,0.15,0.9643040802857024,0.9489850653772048,1.0,0.9635414447419812,0.9556747992900226,0.9536176948637214,0.9531447943376536,0.9600852882383744,0.9548652072254205,0.9542812462954054,0.9588288171073991,0.9624454191110768
2,3,2.0560352957609926,0.25418766498680107,4167,2.265055315835135,0.17865707434052758,834,2.2669541684887076,0.1684,0.9845202152987427,0.08364164868360756,,,0.95,,0.9500173293063326,0.04998267069366735,0.9629474586000596,0.14726314949723482,10,0.025,0.15,0.9678888494516299,0.9599255034282411,0.9635414447419812,1.0,0.9622210838943251,0.9634685958002811,0.9631218258757748,0.9630578193323114,0.9654119833618582,0.960073131598389,0.9641395812384878,0.9657130443817168
2,4,2.062144683707844,0.24770818334533237,4167,2.264313289097377,0.17286914765906364,833,2.2669552519351623,0.1684,0.980385407516428,0.08335260037309819,,,0.95,,0.9500173293063326,0.04998267069366735,0.9629144882551832,0.14726314949723482,10,0.025,0.15,0.9635161994048204,0.9535210367180867,0.9556747992900226,0.9622210838943251,1.0,0.9623502553116996,0.9602095768574118,0.9574905579837908,0.9620206012016852,0.9535309703713482,0.9605637906407893,0.958856432453412
2,5,2.0750874858914,0.25435565154787615,4167,2.2681137834276472,0.1716686674669868,833,2.2669518024106567,0.1681,0.9828607369937815,0.08331976732030204,,,0.95,,0.9500173293063326,0.04998267069366735,0.9628079011447819,0.14726314949723482,10,0.025,0.15,0.9626468393745254,0.9630758442926023,0.9536176948637214,0.9634685958002811,0.9623502553116996,1.0,0.962405490418104,0.9636414239739399,0.963385379796101,0.962048161877704,0.9614981159922309,0.961063116489062
2,6,2.0698142210642496,0.2400527957763379,4167,2.264007874897548,0.1716686674669868,833,2.2669727470301373,0.1681,0.9800588659550266,0.08280712553457423,,,0.95,,0.9500173293063326,0.04998267069366735,0.9623005143258981,0.14726314949723482,10,0.025,0.15,0.9644542353135441,0.9527915140256215,0.9531447943376536,0.9631218258757748,0.9602095768574118,0.962405490418104,1.0,0.9571939788853684,0.9566399243420711,0.9579848177219517,0.9582994924859141,0.960264448646346
2,7,2.073112294168183,0.2512119030477562,4167,2.270031111580985,0.1608643457382953,833,2.2669514975970304,0.1681,0.9812949748789422,0.08328141501858004,,,0.95,,0.9500173293063326,0.04998267069366735,0.9628137562004502,0.14726314949723482,10,0.025,0.15,0.9640799567035021,0.9560016864365495,0.9600852882383744,0.9630578193323114,0.9574905579837908,0.9636414239739399,0.9571939788853684,1.0,0.9609577624728839,0.9537186323314971,0.9640817964652763,0.9604142418725312
2,8,2.0639769951502482,0.24894383101296208,4166,2.268040180206299,0.15966386554621848,833,2.2669510811190063,0.1681,0.9824714415247806,0.08335242772629282,,,0.95,,0.9500173293063326,0.04998267069366735,0.9628277243519372,0.14726314949723482,10,0.025,0.15,0.9656420200786668,0.9639424273245566,0.9548652072254205,0.9654119833618582,0.9620206012016852,0.963385379796101,0.9566399243420711,0.9609577624728839,1.0,0.9606178059744686,0.9651884381501677,0.9558390907223796
2,9,2.0479241385604396,0.26649063850216037,4166,2.2666188308170865,0.15966386554621848,833,2.2669508396824702,0.1681,0.9794854744385909,0.08324963624412914,,,0.95,,0.9500173293063326,0.04998267069366735,0.962824417817141,0.14726314949723482,10,0.025,0.15,0.9616912588274426,0.9605226068573713,0.9542812462954054,0.960073131598389,0.9535309703713482,0.962048161877704,0.9579848177219517,0.9537186323314971,0.9606178059744686,1.0,0.960083683093494,0.9548483027180898
2,10,2.0748464996164495,0.2485117618819011,4166,2.268529483250209,0.15966386554621848,833,2.2669562840763526,0.1684,0.9834850298310788,0.08338863666678546,,,0.95,,0.9500173293063326,0.04998267069366735,0.9628964665359299,0.14726314949723482,10,0.025,0.15,0.9673636032154695,0.9642120831673853,0.9588288171073991,0.9641395812384878,0.9605637906407893,0.9614981159922309,0.9582994924859141,0.9640817964652763,0.9651884381501677,0.960083683093494,1.0,0.9622061385273827
2,11,2.071038409435388,0.2497359577532405,4166,2.2691314901624406,0.16806722689075632,833,2.2669553817073003,0.1684,0.9817232914402698,0.08337475248830045,,,0.95,,0.9500173293063326,0.04998267069366735,0.9629087940868578,0.14726314949723482,10,0.025,0.15,0.967444054708296,0.9566137458419356,0.9624454191110768,0.9657130443817168,0.958856432453412,0.961063116489062,0.960264448646346,0.9604142418725312,0.9558390907223796,0.9548483027180898,0.9622061385273827,1.0
3,0,2.0093808715993706,0.2794576433885289,4167,2.2365646021706715,0.2182254196642686,834,2.2423134483868563,0.1937,0.9813926727717465,0.08367857394124957,,,0.95,,0.9500173293063326,0.04998267069366735,0.9808181884759416,0.14667738834674793,10,0.025,0.15,1.0,0.9597213263432213,0.9526595070100373,0.9563772295599383,0.9505745508983033,0.9552049996500699,0.9528736672461079,0.9580988498242299,0.9579076737155815,0.9557449548350426,0.9580371185618656,0.9584974024470813
3,1,2.012744967503981,0.2814974802015839,4167,2.24528922353472,0.20023980815347722,834,2.242315926129305,0.1938,0.9753412588854934,0.08328179003387061,,,0.95,,0.9500173293063326,0.04998267069366735,0.9808181884759416,0.14667738834674793,10,0.025,0.15,0.9597213263432213,1.0,0.9373130928664883,0.9482077395365545,0.9440455723037224,0.9554152211731246,0.9436826390503984,0.9477608346644442,0.9534615643988291,0.9535722817424203,0.9547098244675356,0.9468938780335403
3,2,2.016971831249468,0.2685385169186465,4167,2.2470143863133023,0.17386091127098321,834,2.242314217965814,0.194,0.9736134499925464,0.08307871693392498,,,0.95,,0.9500173293063326,0.04998267069366735,0.9808181884759416,0.14667738834674793,10,0.025,0.15,0.9526595070100373,0.9373130928664883,1.0,0.9535227103287472,0.9444703383979569,0.943632086828603,0.9402478570387971,0.95329677764021,0.947819865739646,0.9481113674067845,0.9509369364661262,0.9526646138669556
3,3,1.993603190869996,0.280033597312215,4167,2.238978317805699,0.20983213429256595,834,2.242313650589955,0.1937,0.9803366345412602,0.08360479851817212,,,0.95,,0.9500173293063326,0.04998267069366735,0.9808181884759416,0.14667738834674793,10,0.025,0.15,0.9563772295599383,0.9482077395365545,0.9535227103287472,1.0,0.95456344541296,0.9556395941854566,0.9513728263472262,0.9566391183996198,0.9594194444897753,0.9546599821026683,0.9568824531609781,0.956052270042814
3,4,2.0041226719364977,0.27444204463642907,4167,2.238380261829921,0.19807923169267708,833,2.2423161041887503,0.1938,0.9756527672391233,0.08327370872854492,,,0.95,,0.9500173293063326,0.04998267069366735,0.9808181884759416,0.14667738834674793,10,0.025,0.15,0.9505745508983033,0.9440455723037224,0.9444703383979569,0.95456344541296,1.0,0.953586601958377,0.9489503414815149,0.9478189078937719,0.9556853933958119,0.9485857064440516,0.9531483042886936,0.947091882976738
3,5,2.0094711155602427,0.2825533957283417,4167,2.2436376299176897,0.19807923169267708,833,2.242312470568886,0.194,0.9795395695860292,0.08337987621022958,,,0.95,,0.9500173293063326,0.04998267069366735,0.9808181884759416,0.14667738834674793,10,0.025,0.15,0.9552049996500699,0.9554152211731246,0.943632086828603,0.9556395941854566,0.953586601958377,1.0,0.9530973944398505,0.956673411506473,0.9565736158587501,0.9571471034438376,0.9534325395408486,0.9537489461645344
3,6,2.0086269786863618,0.2710823134149268,4167,2.2386809417179654,0.18967587034813926,833,2.242351142666008,0.1936,0.9748445891635753,0.08291019856428776,,,0.95,,0.9500173293063326,0.04998267069366735,0.9808181884759416,0.14667738834674793,10,0.025,0.15,0.9528736672461079,0.9436826390503984,0.9402478570387971,0.9513728263472262,0.9489503414815149,0.9530973944398505,1.0,0.9501531262587138,0.9486421782524865,0.950851559348272,0.9494943989762448,0.9500042646367923
3,7,2.0119934757550557,0.28053755699544036,4167,2.246284212384905,0.18847539015606243,833,2.2423120420190354,0.194,0.9787042073511785,0.08332898648024835,,,0.95,,0.9500173293063326,0.04998267069366735,0.9808181884759416,0.14667738834674793,10,0.025,0.15,0.9580988498242299,0.9477608346644442,0.95329677764021,0.9566391183996198,0.9478189078937719,0.956673411506473,0.9501531262587138,1.0,0.9538283224473981,0.9480012197533046,0.9546920011522877,0.9573878196872323
3,8,1.999644579670646,0.2770043206913106,4166,2.243280683244978,0.1836734693877551,833,2.242311356942865,0.194,0.979405872937381,0.08339571689608843,,,0.95,,0.9500173293063326,0.04998267069366735,0.9808181884759416,0.14667738834674793,10,0.025,0.15,0.9579076737155815,0.9534615643988291,0.947819865739646,0.9594194444897753,0.9556853933958119,0.9565736158587501,0.9486421782524865,0.9538283224473981,1.0,0.9536277082150281,0.9565110969227651,0.9490397533366803
3,9,1.9851139960866986,0.2921027364378301,4166,2.241771561758859,0.18487394957983194,833,2.2423110310035415,0.194,0.9777263028031604,0.08327752262484098,,,0.95,,0.9500173293063326,0.04998267069366735,0.9808181884759416,0.14667738834674793,10,0.025,0.15,0.9557449548350426,0.9535722817424203,0.9481113674067845,0.9546599821026683,0.9485857064440516,0.9571471034438376,0.950851559348272,0.9480012197533046,0.9536277082150281,1.0,0.9530673569997887,0.9495380025876399
3,10,2.0121684883580064,0.2735957753240518,4166,2.2442432131086076,0.1872749099639856,833,2.242317869693418,0.1937,0.9796823091799811,0.08342709580301222,,,0.95,,0.9500173293063326,0.04998267069366735,0.9808181884759416,0.14667738834674793,10,0.025,0.15,0.9580371185618656,0.9547098244675356,0.9509369364661262,0.9568824531609781,0.9531483042886936,0.9534325395408486,0.9494943989762448,0.9546920011522877,0.9565110969227651,0.9530673569997887,1.0,0.9548471507746504
3,11,2.0103411067615857,0.2742678828612578,4166,2.2445878982543945,0.19447779111644659,833,2.2423164482358136,0.1938,0.9779766434730292,0.08336301526553055,,,0.95,,0.9500173293063326,0.04998267069366735,0.9808181884759416,0.14667738834674793,10,0.025,0.15,0.9584974024470813,0.9468938780335403,0.9526646138669556,0.956052270042814,0.947091882976738,0.9537489461645344,0.9500042646367923,0.9573878196872323,0.9490397533366803,0.9495380025876399,0.9548471507746504,1.0
4,0,1.9606460350932498,0.2971922246220302,4167,2.2052224023001537,0.2565947242206235,834,2.2121625882160814,0.2332,0.9786819721569503,0.08367875522163783,,,0.95,,0.9500173293063326,0.04998267069366735,0.9866974233330559,0.14619596265641516,10,0.025,0.15,1.0,0.953177357677785,0.9449069953957676,0.9511703007424881,0.9479538920486953,0.9479827382598377,0.9445638890466815,0.9526294516656335,0.9519733705985187,0.9475482856334135,0.9522441758892071,0.9519865134386455
4,1,1.9666045795787463,0.2994000479961603,4167,2.216935294015067,0.23860911270983212,834,2.2121670487560805,0.2334,0.9712284491694416,0.08319033387071989,,,0.95,,0.9500173293063326,0.04998267069366735,0.9866974233330559,0.14619596265641516,10,0.025,0.15,0.953177357677785,1.0,0.929381965991655,0.9387048183791064,0.9345086299017996,0.946962895105785,0.9344197327210407,0.9412793813042395,0.9462454865253698,0.9463731341420872,0.9485727358747875,0.9395035133988462
4,2,1.9670323834274754,0.28881689464842814,4167,2.2190607956477573,0.20743405275779375,834,2.2121664964700045,0.234,0.970173121748958,0.08303025535060386,,,0.95,,0.9500173293063326,0.04998267069366735,0.9866974233330559,0.14619596265641516,10,0.025,0.15,0.9449069953957676,0.929381965991655,1.0,0.9460475693287699,0.9403417290620543,0.9361060356336807,0.932402343778334,0.9463437537141882,0.9424046836709914,0.9421546768351112,0.9417718195839037,0.9451136494722087
4,3,1.946624014233098,0.2964242860571154,4167,2.2071960312979564,0.25539568345323743,834,2.2121628447424007,0.2332,0.9771219264170437,0.08358226671214104,,,0.95,,0.9500173293063326,0.04998267069366735,0.9866974233330559,0.14619596265641516,10,0.025,0.15,0.9511703007424881,0.9387048183791064,0.9460475693287699,1.0,0.950092501338667,0.9471183892594568,0.9465197958968193,0.9503148280741439,0.9525687027275445,0.9474548635222716,0.9484687138674026,0.9494848375063049
4,4,1.9576245864232382,0.2925845932325414,4167,2.206686190196446,0.24729891956782712,833,2.212167371677447,0.2334,0.9744254683506183,0.08328948385071182,,,0.95,,0.9500173293063326,0.04998267069366735,0.9866974233330559,0.14619596265641516,10,0.025,0.15,0.9479538920486953,0.9345086299017996,0.9403417290620543,0.950092501338667,1.0,0.9487462768836867,0.9453274744640533,0.942807521691562,0.9483332744779186,0.9462793404669441,0.9477353518158925,0.9444715175074655
4,5,1.9628139369415514,0.2994240460763139,4167,2.21370758329119,0.22569027611044418,833,2.212164048907123,0.2339,0.975358388301812,0.08338559195874451,,,0.95,,0.9500173293063326,0.04998267069366735,0.9866974233330559,0.14619596265641516,10,0.025,0.15,0.9479827382598377,0.946962895105785,0.9361060356336807,0.9471183892594568,0.9487462768836867,1.0,0.9430396036268159,0.9496255057593609,0.9502666469411974,0.9484307983293194,0.94560642922642,0.9435538507022652
4,6,1.964092293291381,0.28852891768658506,4167,2.207221065248762,0.2388955582232893,833,2.2122216677363915,0.2343,0.971006217284339,0.08295308635504466,,,0.95,,0.9500173293063326,0.04998267069366735,0.9866974233330559,0.14619596265641516,10,0.025,0.15,0.9445638890466815,0.9344197327210407,0.932402343778334,0.9465197958968193,0.9453274744640533,0.9430396036268159,1.0,0.9421233350168446,0.9419434821182214,0.9433289737961541,0.9429405190986885,0.9402504539497211
4,7,1.962898187565081,0.29947204223662105,4167,2.2169220447540283,0.23529411764705882,833,2.2121635569801814,0.2339,0.9758215916100196,0.08336918242362024,,,0.95,,0.9500173293063326,0.04998267069366735,0.9866974233330559,0.14619596265641516,10,0.025,0.15,0.9526294516656335,0.9412793813042395,0.9463437537141882,0.9503148280741439,0.942807521691562,0.9496255057593609,0.9421233350168446,1.0,0.9484521456622798,0.940794616356222,0.94692131088008,0.9515766913861384
4,8,1.9490577466560133,0.29587133941430627,4166,2.2130728789738248,0.2184873949579832,833,2.212162473533727,0.2339,0.9764536979665978,0.08343107990577375,,,0.95,,0.9500173293063326,0.04998267069366735,0.9866974233330559,0.14619596265641516,10,0.025,0.15,0.9519733705985187,0.9462454865253698,0.9424046836709914,0.9525687027275445,0.9483332744779186,0.9502666469411974,0.9419434821182214,0.9484521456622798,1.0,0.948039281626344,0.948388441474598,0.941600535487744
4,9,1.937030033270518,0.307849255880941,4166,2.211615903036935,0.23529411764705882,833,2.2121619484092614,0.2339,0.9747838848194704,0.08330352102910367,,,0.95,,0.9500173293063326,0.04998267069366735,0.9866974233330559,0.14619596265641516,10,0.025,0.15,0.9475482856334135,0.9463731341420872,0.9421546768351112,0.9474548635222716,0.9462793404669441,0.9484307983293194,0.9433289737961541,0.940794616356222,0.948039281626344,1.0,0.9470931456440731,0.9433043048466396
4,10,1.9643926548235344,0.2915506481036966,4166,2.2141241686684743,0.22088835534213686,833,2.2121699007251596,0.2334,0.9761133736239282,0.08343941577029752,,,0.95,,0.9500173293063326,0.04998267069366735,0.9866974233330559,0.14619596265641516,10,0.025,0.15,0.9522441758892071,0.9485727358747875,0.9417718195839037,0.9484687138674026,0.9477353518158925,0.94560642922642,0.9429405190986885,0.94692131088008,0.948388441474598,0.9470931456440731,1.0,0.9464901597055251
4,11,1.9600671735676851,0.29306289006241,4166,2.2147291047232494,0.22448979591836735,833,2.2121679481071763,0.2333,0.9744949862026364,0.08334702755160131,,,0.95,,0.9500173293063326,0.04998267069366735,0.9866974233330559,0.14619596265641516,10,0.025,0.15,0.9519865134386455,0.9395035133988462,0.9451136494722087,0.9494848375063049,0.9444715175074655,0.9435538507022652,0.9402504539497211,0.9515766913861384,0.941600535487744,0.9433043048466396,0.9464901597055251,1.0
5,0,1.9167499321879762,0.3154787616990641,4167,2.1696176869528636,0.2973621103117506,834,2.177608435667014,0.2766,0.9751485959533499,0.08364438586211712,,,0.95,,0.9500173293063326,0.04998267069366735,0.9895167649109696,0.1458256169230654,10,0.025,0.15,1.0,0.9464604263007231,0.9383396495398795,0.9436871181710579,0.9422941469497553,0.9402405101502588,0.9353950078185131,0.9478436742605836,0.9441340914511297,0.9425365782146544,0.9463502123254113,0.9486453098539228
5,1,1.9190394473798347,0.3128869690424766,4167,2.184349536895752,0.2865707434052758,834,2.1776152592671068,0.2766,0.9691237299113147,0.08314530431687911,,,0.95,,0.9500173293063326,0.04998267069366735,0.9895167649109696,0.1458256169230654,10,0.025,0.15,0.9464604263007231,1.0,0.9262186271984519,0.9347605922291118,0.9293496349627964,0.9412266661010006,0.9291215084127792,0.9362720402732211,0.9399195886747959,0.9429889387930664,0.9422262868848378,0.9373730034123058
5,2,1.9278728120254747,0.30655147588192944,4167,2.1866184643336704,0.2565947242206235,834,2.1776164000547387,0.2766,0.9676568366643249,0.08299828891815393,,,0.95,,0.9500173293063326,0.04998267069366735,0.9895167649109696,0.1458256169230654,10,0.025,0.15,0.9383396495398795,0.9262186271984519,1.0,0.9400863126847524,0.9339411620628026,0.9308986457094601,0.9279613987764189,0.9417071999753729,0.9366304346734055,0.9391789721539248,0.9346229454438549,0.9393915755495006
5,3,1.9075096917874885,0.31255099592032637,4167,2.1710379804883684,0.3009592326139089,834,2.1776087072831167,0.2766,0.9745217941488012,0.08356416419868809,,,0.95,,0.9500173293063326,0.04998267069366735,0.9895167649109696,0.1458256169230654,10,0.025,0.15,0.9436871181710579,0.9347605922291118,0.9400863126847524,1.0,0.9431771411863209,0.9435600049484325,0.9398951154932592,0.9450502510575647,0.9469584214078709,0.9438392608669859,0.9424702758187643,0.945204130944059
5,4,1.9158135269627428,0.3073434125269978,4167,2.170455047062465,0.27611044417767105,833,2.1776157029067416,0.2766,0.9718495183801409,0.08329562150633052,,,0.95,,0.9500173293063326,0.04998267069366735,0.9895167649109696,0.1458256169230654,10,0.025,0.15,0.9422941469497553,0.9293496349627964,0.9339411620628026,0.9431771411863209,1.0,0.944713827670151,0.9383846640331899,0.9395217140836357,0.9423774684185031,0.942369038449796,0.9423511326840133,0.939208084874483
5,5,1.9201691949006283,0.3150707943364531,4167,2.1795737743377686,0.2857142857142857,833,2.177613222146336,0.2766,0.9728329283993384,0.08338723623508291,,,0.95,,0.9500173293063326,0.04998267069366735,0.9895167649109696,0.1458256169230654,10,0.025,0.15,0.9402405101502588,0.9412266661010006,0.9308986457094601,0.9435600049484325,0.944713827670151,1.0,0.9384386929453769,0.9439823826200239,0.9440216123550047,0.9445460313900933,0.9373434495075981,0.9401451048160768
5,6,1.9233506578387636,0.3043196544276458,4167,2.1710530689784457,0.2857142857142857,833,2.177691658840904,0.2778,0.967928244525676,0.0829593271962982,,,0.95,,0.9500173293063326,0.04998267069366735,0.9895167649109696,0.1458256169230654,10,0.025,0.15,0.9353950078185131,0.9291215084127792,0.9279613987764189,0.9398951154932592,0.9383846640331899,0.9384386929453769,1.0,0.9379002709861456,0.9366990464943257,0.9381824158033886,0.93594347810765,0.9343040386435806
5,7,1.9195893959565595,0.31631869450443967,4167,2.1829569339752197,0.26290516206482595,833,2.1776126698602605,0.2766,0.9740593820888949,0.0834170630892003,,,0.95,,0.9500173293063326,0.04998267069366735,0.9895167649109696,0.1458256169230654,10,0.025,0.15,0.9478436742605836,0.9362720402732211,0.9417071999753729,0.9450502510575647,0.9395217140836357,0.9439823826200239,0.9379002709861456,1.0,0.942911804754941,0.9372732780249116,0.942920255908112,0.9480330248564713
5,8,1.911700384905844,0.3113538166106577,4166,2.178571973528181,0.2665066026410564,833,2.1776111518280414,0.2766,0.9731915896647475,0.08342711523133399,,,0.95,,0.9500173293063326,0.04998267069366735,0.9895167649109696,0.1458256169230654,10,0.025,0.15,0.9441340914511297,0.9399195886747959,0.9366304346734055,0.9469584214078709,0.9423774684185031,0.9440216123550047,0.9366990464943257,0.942911804754941,1.0,0.941327008859155,0.9410960522751972,0.9371732019847973
5,9,1.8943672201850197,0.32671627460393665,4166,2.177102667944772,0.2665066026410564,833,2.177610430536391,0.2766,0.9733705071683336,0.08335391704049808,,,0.95,,0.9500173293063326,0.04998267069366735,0.9895167649109696,0.1458256169230654,10,0.025,0.15,0.9425365782146544,0.9429889387930664,0.9391789721539248,0.9438392608669859,0.942369038449796,0.9445460313900933,0.9381824158033886,0.9372732780249116,0.941327008859155,1.0,0.9421105015900707,0.9411111935123254
5,10,1.9248402331814622,0.3070571291406625,4166,2.1791673728397916,0.2581032412965186,833,2.1776191101798528,0.2766,0.9730622630445621,0.08342806268895622,,,0.95,,0.9500173293063326,0.04998267069366735,0.9895167649109696,0.1458256169230654,10,0.025,0.15,0.9463502123254113,0.9422262868848378,0.9346229454438549,0.9424702758187643,0.9423511326840133,0.9373434495075981,0.93594347810765,0.942920255908112,0.9410960522751972,0.9421105015900707,1.0,0.9443002174496925
5,11,1.9211553663918466,0.30806529044647146,4166,2.1804263251168385,0.2773109243697479,833,2.177616686760625,0.2766,0.9733288328058327,0.08337951371646164,,,0.95,,0.9500173293063326,0.04998267069366735,0.9895167649109696,0.1458256169230654,10,0.025,0.15,0.9486453098539228,0.9373730034123058,0.9393915755495006,0.945204130944059,0.939208084874483,0.9401451048160768,0.9343040386435806,0.9480330248564713,0.9371732019847973,0.9411111935123254,0.9443002174496925,1.0
6,0,1.8852904229453116,0.32742980561555074,4167,2.130886963435582,0.32973621103117506,834,2.139855795268771,0.3049,0.972101316339969,0.08359567148319347,,,0.95,,0.9500173293063326,0.04998267069366735,0.9917224432524337,0.14549610919841535,10,0.025,0.15,1.0,0.9414680642470823,0.9330635726572005,0.9408892696836072,0.9351497886980068,0.9358086474343332,0.9295190786239191,0.9410106242445321,0.9402909070800424,0.9377257177801788,0.9382455285056962,0.9415498972176448
6,1,1.8808420426917798,0.32627789776817856,4167,2.1485491139548167,0.3129496402877698,834,2.1398651780961435,0.3049,0.9678547670927214,0.08314758917692773,,,0.95,,0.9500173293063326,0.04998267069366735,0.9917224432524337,0.14549610919841535,10,0.025,0.15,0.9414680642470823,1.0,0.9245801161746833,0.9319746433117765,0.9271188523837464,0.9412952465226555,0.9240069449542208,0.9336385958564893,0.9338672072641172,0.9392435037072374,0.9364440364144748,0.9319859186195992
6,2,1.8880386424787117,0.3187664986801056,4167,2.151148898260934,0.2829736211031175,834,2.1398677946646,0.3051,0.9648052498491361,0.08295689496065617,,,0.95,,0.9500173293063326,0.04998267069366735,0.9917224432524337,0.14549610919841535,10,0.025,0.15,0.9330635726572005,0.9245801161746833,1.0,0.9338671921444895,0.9277476162409402,0.9269161800730439,0.922667796655228,0.9358509936683568,0.9303763204305197,0.934109287369357,0.9291036008163882,0.9320188906172222
6,3,1.8729247956564932,0.32251019918406526,4167,2.1316430228097096,0.33093525179856115,834,2.139856115172181,0.3049,0.9728957678262341,0.08357185399841481,,,0.95,,0.9500173293063326,0.04998267069366735,0.9917224432524337,0.14549610919841535,10,0.025,0.15,0.9408892696836072,0.9319746433117765,0.9338671921444895,1.0,0.9378524252174111,0.940782234065215,0.9323872496179225,0.9421313629428172,0.9436995220832758,0.9406267155189002,0.9395306054099469,0.9402702554118376
6,4,1.8755268689357874,0.32018238540916727,4167,2.130614995956421,0.3025210084033613,833,2.139865769615656,0.3049,0.9691963115186908,0.08328458704981892,,,0.95,,0.9500173293063326,0.04998267069366735,0.9917224432524337,0.14549610919841535,10,0.025,0.15,0.9351497886980068,0.9271188523837464,0.9277476162409402,0.9378524252174111,1.0,0.9412541169260505,0.9317716358395056,0.9320735559330017,0.9395154161790992,0.937207809251823,0.9383237202415423,0.9331398358672776
6,5,1.8794599135716756,0.3290856731461483,4167,2.1420886516571045,0.3025210084033613,833,2.1398639165902438,0.305,0.9721471594471428,0.08343770639475406,,,0.95,,0.9500173293063326,0.04998267069366735,0.9917224432524337,0.14549610919841535,10,0.025,0.15,0.9358086474343332,0.9412952465226555,0.9269161800730439,0.940782234065215,0.9412541169260505,1.0,0.9342990296585852,0.941451094212896,0.9388311371867495,0.9415779587680799,0.9364135413231433,0.9368279478668372
6,6,1.8896078517942718,0.31845452363810894,4167,2.131617750440325,0.3205282112845138,833,2.1399641851835614,0.3055,0.9647923993226701,0.08293231496391204,,,0.95,,0.9500173293063326,0.04998267069366735,0.9917224432524337,0.14549610919841535,10,0.025,0.15,0.9295190786239191,0.9240069449542208,0.922667796655228,0.9323872496179225,0.9317716358395056,0.9342990296585852,1.0,0.9321871239815248,0.9325877155673301,0.9330701283670586,0.9303757146080148,0.9273314118190922
6,7,1.8822759574109857,0.3264698824094073,4167,2.145712103162493,0.2857142857142857,833,2.139863355250298,0.305,0.9719036328252619,0.08344825427264672,,,0.95,,0.9500173293063326,0.04998267069366735,0.9917224432524337,0.14549610919841535,10,0.025,0.15,0.9410106242445321,0.9336385958564893,0.9358509936683568,0.9421313629428172,0.9320735559330017,0.941451094212896,0.9321871239815248,1.0,0.9408062267476455,0.9329367518330327,0.9377675964965798,0.9427246234641442
6,8,1.872282699021426,0.32239558329332696,4166,2.1413860661642894,0.29411764705882354,833,2.139861372452748,0.305,0.9715976106668653,0.0834444999430723,,,0.95,,0.9500173293063326,0.04998267069366735,0.9917224432524337,0.14549610919841535,10,0.025,0.15,0.9402909070800424,0.9338672072641172,0.9303763204305197,0.9436995220832758,0.9395154161790992,0.9388311371867495,0.9325877155673301,0.9408062267476455,1.0,0.9390125575529236,0.9370258952698152,0.9329849305915472
6,9,1.8569938648830762,0.3371339414306289,4166,2.1395771503448486,0.2857142857142857,833,2.139860382562951,0.305,0.971532620705189,0.08339698784197115,,,0.95,,0.9500173293063326,0.04998267069366735,0.9917224432524337,0.14549610919841535,10,0.025,0.15,0.9377257177801788,0.9392435037072374,0.934109287369357,0.9406267155189002,0.937207809251823,0.9415779587680799,0.9330701283670586,0.9329367518330327,0.9390125575529236,1.0,0.9383233021647255,0.9345113649044338
6,10,1.8805861375548623,0.32460393662986076,4166,2.1406475816454207,0.29891956782713086,833,2.1398699132702017,0.3048,0.9707796605311405,0.08341839169281058,,,0.95,,0.9500173293063326,0.04998267069366735,0.9917224432524337,0.14549610919841535,10,0.025,0.15,0.9382455285056962,0.9364440364144748,0.9291036008163882,0.9395306054099469,0.9383237202415423,0.9364135413231433,0.9303757146080148,0.9377675964965798,0.9370258952698152,0.9383233021647255,1.0,0.9379343010422676
