round,client_id,client_i_training_loss,client_i_training_accuracy,client_i_training_dataset_size,client_i_evaluation_loss,client_i_evaluation_accuracy,client_i_evaluation_dataset_size,client_i_central_evaluation_loss,client_i_central_evaluation_accuracy,client_i_cosine_similarity,client_i_importance_coefficient,client_i_tanh_val,tanh_normalization_value,client_i_q,client_i_mask_order,client_i_v_nonzero_fraction,client_i_v_sparsity,client_i_v_cosine_similarity,client_i_reward_gradient_norm,local_epochs,learning_rate,gamma,client_0_cosine_similarity,client_1_cosine_similarity,client_2_cosine_similarity,client_3_cosine_similarity,client_4_cosine_similarity,client_5_cosine_similarity,client_6_cosine_similarity,client_7_cosine_similarity,client_8_cosine_similarity,client_9_cosine_similarity,client_10_cosine_similarity,client_11_cosine_similarity
0,0,0.3543783702116436,0.8902,5000,2.177534995255647,0.5635491606714629,834,2.181580570178291,0.5302,0.7769485532093899,0.08251863244127304,,,0.6137162506577046,,0.6137292304603182,0.38627076953968176,0,0.39035112135109445,5,0.1,0.5,1.0,0.5717471665641204,0.575621221045435,0.5811853001110655,0.5742867517280082,0.5762225623678919,0.5663679778597707,0.5757963279358987,0.5676013851240327,0.5741275135651834,0.5708345533043296,0.5815153283677507
0,1,0.340991454251158,0.89372,5000,2.18187176739728,0.5275779376498801,834,2.1807250275779455,0.5336,0.7856223008699462,0.08343985919706429,,,0.8036559102593014,,0.8036745143316099,0.19632548566839014,0,0.3921085277261358,5,0.1,0.5,0.5717471665641204,1.0,0.5877035711458181,0.5825245866771103,0.5824449633672969,0.5847740103326696,0.5775170164406324,0.5817337272229661,0.5754180821595078,0.578843466164974,0.594695490974499,0.5795710887700051
0,2,0.3428693404670354,0.89268,5000,2.174944135877821,0.5443645083932853,834,2.180622101591799,0.5337,0.7876406956768831,0.08365423012099098,,,0.8478551696307282,,0.8478690828773656,0.15213091712263438,0,0.39222204675518163,5,0.1,0.5,0.575621221045435,0.5877035711458181,1.0,0.5737097134704061,0.5847719618695115,0.5955249320915447,0.572000514863893,0.5791163341891205,0.5733505305725798,0.5935873093816091,0.5933684004118269,0.5872227357562609
0,3,0.3454045081534868,0.892,5000,2.176023739355582,0.539568345323741,834,2.180662483452989,0.5337,0.7868615649026275,0.08357147971786724,,,0.8307935902721073,,0.8308117062396466,0.16918829376035338,0,0.39218611479522747,5,0.1,0.5,0.5811853001110655,0.5825245866771103,0.5737097134704061,1.0,0.5873776877007801,0.5876858257104769,0.5726710724727607,0.5781142539112459,0.5796611192290839,0.5873321797246561,0.595817354586925,0.5825622810273915
0,4,0.3411041886871977,0.89044,5000,2.178542304922033,0.539015606242497,833,2.1806511170567036,0.534,0.7870482978289545,0.08359131236399112,,,0.8348827095145592,,0.834892826665328,0.16510717333467195,0,0.39219556571381564,5,0.1,0.5,0.5742867517280082,0.5824449633672969,0.5847719618695115,0.5873776877007801,1.0,0.5892307278620066,0.5696738366655324,0.5822623637599871,0.5712962148404923,0.5905720171521295,0.6067869812694459,0.5716960400015183
0,5,0.32501467503607273,0.89804,5000,2.1786662384315774,0.5462184873949579,833,2.1807219296598586,0.5331,0.7858785540064865,0.08346707548866912,,,0.8092673985606804,,0.8092816625671402,0.19071833743285982,0,0.39212655713669786,5,0.1,0.5,0.5762225623678919,0.5847740103326696,0.5955249320915447,0.5876858257104769,0.5892307278620066,1.0,0.5731461768964377,0.579513206502664,0.5822617512630308,0.5792202754341794,0.5798469525065347,0.5719594812303515
0,6,0.3440405774980214,0.8922,5000,2.181400669945611,0.5330132052821128,833,2.181649074767725,0.5295,0.7763221895668342,0.08245210722415135,,,0.6,,0.6,0.4,0,0.3900896096286533,5,0.1,0.5,0.5663679778597707,0.5775170164406324,0.572000514863893,0.5726710724727607,0.5696738366655324,0.5731461768964377,1.0,0.5837320422125487,0.5720593003372683,0.5761075724753519,0.5778448792825427,0.5682882160883984
0,7,0.34702944979427536,0.89088,5000,2.191328075197008,0.5066026410564226,833,2.180758296491239,0.5334,0.7846287062834126,0.08333433088873149,,,0.7818979545366107,,0.7819085387279755,0.2180914612720245,0,0.39202538951435884,5,0.1,0.5,0.5757963279358987,0.5817337272229661,0.5791163341891205,0.5781142539112459,0.5822623637599871,0.579513206502664,0.5837320422125487,1.0,0.5820231291150687,0.5802546153220326,0.5838616295934876,0.5812104163798885
0,8,0.3380118505697057,0.89444,5000,2.173728377730758,0.5546218487394958,833,2.1810921601974926,0.5317,0.7804612698311503,0.08289171322066832,,,0.6906385022062649,,0.6906580994929974,0.3093419005070026,0,0.3914029771956187,5,0.1,0.5,0.5676013851240327,0.5754180821595078,0.5733505305725798,0.5796611192290839,0.5712962148404923,0.5822617512630308,0.5720593003372683,0.5820231291150687,1.0,0.5774792925867802,0.5854063661479604,0.581822659986488
0,9,0.3494505562493281,0.89016,5000,2.1810322602589927,0.5054021608643458,833,2.180658149262206,0.5338,0.7869511987541273,0.08358099960540119,,,0.832756412331146,,0.8327744591134983,0.16722554088650166,0,0.39219080889397073,5,0.1,0.5,0.5741275135651834,0.578843466164974,0.5935873093816091,0.5873321797246561,0.5905720171521295,0.5792202754341794,0.5761075724753519,0.5802546153220326,0.5774792925867802,1.0,0.5930778834577577,0.5788831885515724
0,10,0.326071229286397,0.89564,5000,2.175193159668534,0.539015606242497,833,2.180595674453833,0.5314,0.7936751958643945,0.08429514604892868,,,0.9799999997938187,,0.9800010039656644,0.019998996034335637,0,0.3923094852432716,5,0.1,0.5,0.5708345533043296,0.594695490974499,0.5933684004118269,0.595817354586925,0.6067869812694459,0.5798469525065347,0.5778448792825427,0.5838616295934876,0.5854063661479604,0.5930778834577577,1.0,0.5912541589684162
0,11,0.36729432167722637,0.88524,5000,2.1874395034931324,0.5018007202881153,833,2.18081369567603,0.5331,0.7833932396293293,0.08320311368226316,,,0.7548434303667602,,0.7548516640730887,0.24514833592691132,0,0.3918939200180596,5,0.1,0.5,0.5815153283677507,0.5795710887700051,0.5872227357562609,0.5825622810273915,0.5716960400015183,0.5719594812303515,0.5682882160883984,0.5812104163798885,0.581822659986488,0.5788831885515724,0.5912541589684162,1.0
1,0,0.3121459511067173,0.90516,5000,2.019158818103649,0.8225419664268585,834,2.026784022014362,0.8042,0.8125252019574517,0.08298279339708552,,,0.6539915660963485,,0.6539982932583706,0.34600170674162944,0.9542461332214502,0.4021031345481887,5,0.1,0.5,1.0,0.6308591738793671,0.6240181809311381,0.6242415981192951,0.6161923885699787,0.6321768266510925,0.6283880224085203,0.6180884646668927,0.632888179542689,0.6222494927777793,0.6283172277886103,0.615757272015081
1,1,0.3013381912806042,0.91036,5000,2.019742422633701,0.8057553956834532,834,2.0248141920985505,0.8071,0.8072244092495826,0.08340818731225913,,,0.7683106787980447,,0.7683248832889915,0.2316751167110085,0.9577597675775544,0.4031952094083175,5,0.1,0.5,0.6308591738793671,1.0,0.610314994212885,0.607420190173822,0.6165397560714817,0.6249915799442264,0.618029321139595,0.6241073166019343,0.621559961061288,0.6280996091239033,0.6277448131102109,0.6080089247462283
1,2,0.30282784506387916,0.90776,5000,2.0176839033762612,0.8165467625899281,834,2.024543240428352,0.8074,0.8058309914685654,0.08350160232872757,,,0.7934147562537077,,0.7934240248983485,0.2065759751016515,0.9581709675177021,0.4033116353065925,5,0.1,0.5,0.6240181809311381,0.610314994212885,1.0,0.6182230785611147,0.6140538359533008,0.6246686776571108,0.6278733477944853,0.6149292567572039,0.6192656023372252,0.6163619753704713,0.625789043264679,0.6077392041126828
1,3,0.31287179596983133,0.9054,5000,2.0192854404449463,0.8045563549160671,834,2.024798169303626,0.8072,0.802275567888582,0.08332284538545941,,,0.7453761397743361,,0.745394307514683,0.25460569248531695,0.9576300362993737,0.40305754155100554,5,0.1,0.5,0.6242415981192951,0.607420190173822,0.6182230785611147,1.0,0.6087759364056112,0.6233042685194544,0.6151453147692817,0.6134731745108237,0.6183270119238226,0.6159719332387686,0.6200240868833962,0.6042218255242909
1,4,0.300716707762924,0.90688,5000,2.0217149964085332,0.8199279711884754,833,2.024812587153036,0.8068,0.8016394291524789,0.08331380524176984,,,0.7429467180820564,,0.7429596907785754,0.2570403092214246,0.9575628337783684,0.40304040495019877,5,0.1,0.5,0.6161923885699787,0.6165397560714817,0.6140538359533008,0.6087759364056112,1.0,0.6294644581092462,0.6064470858249219,0.6082826484552757,0.6171061558444269,0.6080268825846782,0.6215742617238029,0.6162527220072516
1,5,0.29004222180065553,0.90888,5000,2.0182466021290533,0.7935174069627852,833,2.024538828161197,0.8071,0.8143623080021094,0.0836750498217021,,,0.8400265266385507,,0.8400532101802118,0.15994678981978816,0.9581915481721522,0.4034485232481518,5,0.1,0.5,0.6321768266510925,0.6249915799442264,0.6246686776571108,0.6233042685194544,0.6294644581092462,1.0,0.6331219349214943,0.6239556755970933,0.6312013087796916,0.6197097656096348,0.6343366009734321,0.6097885250257982
1,6,0.3068523288591747,0.9048,5000,2.03122639214551,0.8031212484993998,833,2.0276142172158336,0.802,0.8080260771292306,0.08278188487754502,,,0.6,,0.6,0.4,0.9532134435997869,0.40114554106206923,5,0.1,0.5,0.6283880224085203,0.618029321139595,0.6278733477944853,0.6151453147692817,0.6064470858249219,0.6331219349214943,1.0,0.6151043844240774,0.6297286307900472,0.623684557528777,0.6273065913641375,0.605099616530493
1,7,0.3041911423965624,0.90636,5000,2.041210580755163,0.7983193277310925,833,2.0250799831110067,0.807,0.8040287392968578,0.0832268845776035,,,0.7195879138102934,,0.7196024295969078,0.2803975704030922,0.9571004976338102,0.4028579415870874,5,0.1,0.5,0.6180884646668927,0.6241073166019343,0.6149292567572039,0.6134731745108237,0.6082826484552757,0.6239556755970933,0.6151043844240774,1.0,0.6211682365820234,0.6199800284955597,0.6179720907024878,0.610114180616582
1,8,0.2970147616568075,0.90672,5000,2.015680185070744,0.8247298919567827,833,2.025623908058142,0.8069,0.81120821031631,0.0831839961174545,,,0.7080621948601906,,0.708081923598213,0.291918076401787,0.9563185792179014,0.4027527652740691,5,0.1,0.5,0.632888179542689,0.621559961061288,0.6192656023372252,0.6183270119238226,0.6171061558444269,0.6312013087796916,0.6297286307900472,0.6211682365820234,1.0,0.616939778600938,0.624965126751453,0.6257580336504257
1,9,0.3074091958321014,0.90524,5000,2.02619915538364,0.7671068427370948,833,2.0246255866254863,0.8071,0.8064618592756227,0.08347508999456449,,,0.7862899093551876,,0.7863059083379348,0.2136940916620652,0.9580868695517102,0.4032820597135809,5,0.1,0.5,0.6222494927777793,0.6280996091239033,0.6163619753704713,0.6159719332387686,0.6080268825846782,0.6197097656096348,0.623684557528777,0.6199800284955597,0.616939778600938,1.0,0.6292801839526113,0.6092786562363979
1,10,0.28936086339745554,0.90904,5000,2.0189176400502524,0.8211284513805522,833,2.024232373831752,0.8069,0.8135698504338205,0.08419590641630086,,,0.979999999731263,,0.9800010039656644,0.019998996034335637,0.9587892889043673,0.4035494962694701,5,0.1,0.5,0.6283172277886103,0.6277448131102109,0.625789043264679,0.6200240868833962,0.6215742617238029,0.6343366009734321,0.6273065913641375,0.6179720907024878,0.624965126751453,0.6292801839526113,1.0,0.6179790592330225
1,11,0.3211821028713588,0.90304,5000,2.0363671867935746,0.7983193277310925,833,2.0256682840018225,0.8055,0.7980617345639839,0.08293195452952813,,,0.6403292779849934,,0.6403493800512022,0.35965061994879777,0.955254510215776,0.4018974864390568,5,0.1,0.5,0.615757272015081,0.6080089247462283,0.6077392041126828,0.6042218255242909,0.6162527220072516,0.6097885250257982,0.605099616530493,0.610114180616582,0.6257580336504257,0.6092786562363979,0.6179790592330225,1.0
2,0,0.2817016544674707,0.91572,5000,1.8212834110966436,0.9064748201438849,834,1.8335861180917905,0.8867,0.8101155273318563,0.08315823872819705,,,0.6768153766387357,,0.6768284724662417,0.32317152753375833,0.9646511051663762,0.4030220221514182,5,0.1,0.5,1.0,0.6193043852242309,0.6225219487775963,0.6213978547697422,0.6164495677639134,0.6240090379201463,0.6340983845753967,0.6241295186572225,0.629760459171704,0.6206579955682914,0.6236831600799534,0.6252489804210658
2,1,0.275457968555723,0.9164,5000,1.8170807405754372,0.9052757793764988,834,1.829854988061582,0.8892,0.8102728854444958,0.08344532355390681,,,0.7720047316952472,,0.7720244967622107,0.22797550323778926,0.9669889296348765,0.4038623056481347,5,0.1,0.5,0.6193043852242309,1.0,0.6225590177470537,0.6172632706745107,0.6132122229179306,0.6236906022656782,0.628694813888314,0.6235659539011984,0.6263332075606246,0.631260104752511,0.6302263068954608,0.6246031916781598
2,2,0.2734516062275477,0.9156,5000,1.8224888775083754,0.8860911270983214,834,1.8300887925175433,0.8889,0.8028051215947866,0.08324697764591882,,,0.7062387372272453,,0.7062597259173736,0.2937402740826264,0.9662523929401616,0.40336281073729485,5,0.1,0.5,0.6225219487775963,0.6225590177470537,1.0,0.6168838286366768,0.6115495415235024,0.6170319638658419,0.6208625246023033,0.6123374693968173,0.6138365482610554,0.6175051651869573,0.6233356582875285,0.6093887972320406
2,3,0.2795540149804134,0.916,5000,1.82361517129121,0.8920863309352518,834,1.8307589814304925,0.8888,0.8040799139590453,0.08317305922231184,,,0.6817294408806122,,0.6817479042216756,0.31825209577832436,0.9657706972403971,0.4030848603380419,5,0.1,0.5,0.6213978547697422,0.6172632706745107,0.6168838286366768,1.0,0.6098965351206335,0.6240670453933743,0.6169249334048567,0.6149159393316117,0.624816197577209,0.6176356050720508,0.6236225148672995,0.6135629498716402
2,4,0.27788899633084324,0.9158,5000,1.825490986859357,0.8919567827130852,833,1.8310936780783316,0.8885,0.8022498955925811,0.08310331505218344,,,0.6586042110567736,,0.6586215551428141,0.34137844485718594,0.9652233474700757,0.40277370321546896,5,0.1,0.5,0.6164495677639134,0.6132122229179306,0.6115495415235024,0.6098965351206335,1.0,0.6276915928847198,0.62288008597558,0.6139544411111899,0.6271110034253519,0.6151256923926522,0.6192004501750556,0.6062391598268704
2,5,0.25863246248151134,0.92128,5000,1.8194354242748685,0.885954381752701,833,1.8293201348271233,0.8896,0.8111944020614037,0.08365408783555224,,,0.841225169520669,,0.8412479293208173,0.15875207067918273,0.967695634176442,0.4041222302703721,5,0.1,0.5,0.6240090379201463,0.6236906022656782,0.6170319638658419,0.6240670453933743,0.6276915928847198,1.0,0.623762515411785,0.6315783291606374,0.6332305867169871,0.6193543632842391,0.6269206481648415,0.6171554330605484
2,6,0.27633987140135874,0.91472,5000,1.8420091558385778,0.8883553421368547,833,1.8348876294998315,0.8863,0.8125579707787367,0.08311033860053037,,,0.6609330246250276,,0.6609507554841625,0.3390492445158375,0.9634942952473184,0.40280523085729814,5,0.1,0.5,0.6340983845753967,0.628694813888314,0.6208625246023033,0.6169249334048567,0.62288008597558,0.623762515411785,1.0,0.6229929480797668,0.6323254396124668,0.6304576557769865,0.6297811398387093,0.622968337342334
2,7,0.2765704698314902,0.91644,5000,1.852623913023207,0.8775510204081632,833,1.8309527014771971,0.8882,0.8069929301804101,0.0832110276434312,,,0.6943187148345059,,0.6943275939962853,0.3056724060037147,0.9657730795639397,0.40323354891596014,5,0.1,0.5,0.6241295186572225,0.6235659539011984,0.6123374693968173,0.6149159393316117,0.6139544411111899,0.6315783291606374,0.6229929480797668,1.0,0.6199180904816695,0.627886750131033,0.6204666075909492,0.6179987192889465
2,8,0.2713809382087391,0.91736,5000,1.817716156994855,0.9039615846338536,833,1.8309858824117495,0.8881,0.8135273751180345,0.08341030330796134,,,0.7603929907499426,,0.7604086140254004,0.2395913859745996,0.966010963497541,0.40379368771867874,5,0.1,0.5,0.629760459171704,0.6263332075606246,0.6138365482610554,0.624816197577209,0.6271110034253519,0.6332305867169871,0.6323254396124668,0.6199180904816695,1.0,0.6288391957925571,0.6322122907904096,0.6249409758051385
2,9,0.27319369729560844,0.91456,5000,1.8336197491045352,0.8571428571428571,833,1.8295560077356454,0.8894,0.8102305336150295,0.08348813621510426,,,0.7862002211209338,,0.786220571256463,0.21377942874353695,0.9671816751015156,0.403934737824265,5,0.1,0.5,0.6206579955682914,0.631260104752511,0.6175051651869573,0.6176356050720508,0.6151256923926522,0.6193543632842391,0.6304576557769865,0.627886750131033,0.6288391957925571,1.0,0.6321835194494239,0.6191092188085981
2,10,0.257005177259113,0.92028,5000,1.822747786839803,0.8883553421368547,833,1.828790949175533,0.89,0.8133108433417696,0.08407262358361166,,,0.9799999996684278,,0.9800010039656644,0.019998996034335637,0.9681447082423045,0.4042415910123769,5,0.1,0.5,0.6236831600799534,0.6302263068954608,0.6233356582875285,0.6236225148672995,0.6192004501750556,0.6269206481648415,0.6297811398387093,0.6204666075909492,0.6322122907904096,0.6321835194494239,1.0,0.6250794127022354
2,11,0.2900651493412294,0.9154,5000,1.8474966287612915,0.8775510204081632,833,1.8330024595077807,0.887,0.8044321235147488,0.08292656861129093,,,0.6,,0.6,0.4,0.9632124498782269,0.4017046031232969,5,0.1,0.5,0.6252489804210658,0.6246031916781598,0.6093887972320406,0.6135629498716402,0.6062391598268704,0.6171554330605484,0.622968337342334,0.6179987192889465,0.6249409758051385,0.6191092188085981,0.6250794127022354,1.0
3,0,0.25120752121019324,0.9248,5000,1.594396750132243,0.9412470023980816,834,1.6117896367185793,0.918,0.8056324630224165,0.08325571811152441,,,0.7558615494442487,,0.7558807288790723,0.24411927112092768,0.9685323073997572,0.40180503459755695,5,0.1,0.5,1.0,0.6169118815846284,0.6197689225866111,0.6163940617287152,0.6077208079768128,0.6141191213700801,0.6152835516431868,0.6192534160027232,0.6197111190259653,0.6171766635196639,0.6225477648907367,0.6097677239956538
3,1,0.24660789780793296,0.92836,5000,1.5854431876429804,0.9376498800959233,834,1.606874361586647,0.9191,0.807741399064453,0.08351967615298701,,,0.8354236944651913,,0.835439987952412,0.16456001204758797,0.9700900805793631,0.4021422110099424,5,0.1,0.5,0.6169118815846284,1.0,0.6112358272121117,0.6171739379927406,0.6111996173594314,0.62068145230247,0.6247389060471796,0.6186034247342933,0.6201978473676854,0.6214775520885262,0.6247929112359634,0.6106599246971954
3,2,0.24493638479453364,0.927,5000,1.5993618656087805,0.920863309352518,834,1.6075698799980334,0.9193,0.8026170262940472,0.08320932386401869,,,0.741877410799584,,0.7418954871743386,0.2581045128256614,0.9691602834795328,0.40170967721245626,5,0.1,0.5,0.6197689225866111,0.6112358272121117,1.0,0.6143810285974376,0.6121256347004892,0.621757597295608,0.6175246279378755,0.6109801163740843,0.6108760489046929,0.6058762677763595,0.6202522735272596,0.6043628736429062
3,3,0.2564767599141427,0.92176,5000,1.600452462832133,0.919664268585132,834,1.608241515418592,0.9191,0.8060776297196125,0.08328108095972103,,,0.7635064107077382,,0.7635209075849606,0.2364790924150394,0.9686117031077532,0.40185342063621243,5,0.1,0.5,0.6163940617287152,0.6171739379927406,0.6143810285974376,1.0,0.6174761501117861,0.6251565555304908,0.6136352096317265,0.6180270995000013,0.622395905106235,0.605314474011897,0.6203431653842201,0.612612371088871
3,4,0.2520552055708542,0.92444,5000,1.60152507269824,0.9255702280912365,833,1.6096077178613828,0.919,0.7983693595681002,0.08296582664604815,,,0.6684825603869183,,0.6684955574519351,0.3315044425480649,0.9680099777498853,0.40094695407517483,5,0.1,0.5,0.6077208079768128,0.6111996173594314,0.6121256347004892,0.6174761501117861,1.0,0.6185762333962306,0.6128025377445528,0.6153778388244787,0.6091648086469731,0.5981191610115617,0.6132985236671114,0.592948337054798
3,5,0.23529827239786744,0.92868,5000,1.5906157935107197,0.9231692677070829,833,1.60612276948679,0.9194,0.8095762968474861,0.08372213818363076,,,0.8964497323690024,,0.8964610210330807,0.10353897896691933,0.9706632143001942,0.40224031488875145,5,0.1,0.5,0.6141191213700801,0.62068145230247,0.621757597295608,0.6251565555304908,0.6185762333962306,1.0,0.6216083310373446,0.6272037079956703,0.6216369392258391,0.6127738965595054,0.6227752556263856,0.6082146875373977
3,6,0.24799552133105174,0.92532,5000,1.6245700165077492,0.9039615846338536,833,1.6133183720774544,0.918,0.8072924108133658,0.08328188674575157,,,0.7637492904649237,,0.7637568395160885,0.23624316048391147,0.9680430022513897,0.40185412034760826,5,0.1,0.5,0.6152835516431868,0.6247389060471796,0.6175246279378755,0.6136352096317265,0.6128025377445528,0.6216083310373446,1.0,0.6231817345796944,0.6234937134779637,0.6146997253748944,0.6201691336170764,0.6077497802757554
3,7,0.24978634771078256,0.92472,5000,1.634932447362829,0.9027611044417767,833,1.6084625747638008,0.9189,0.8062946157687074,0.08331382942020737,,,0.773377440769901,,0.7733898900657598,0.22661010993424024,0.9688513108058466,0.4019076963339865,5,0.1,0.5,0.6192534160027232,0.6186034247342933,0.6109801163740843,0.6180270995000013,0.6153778388244787,0.6272037079956703,0.6231817345796944,1.0,0.614610325513748,0.6162544326511328,0.6138808198111569,0.6074895268999961
3,8,0.2392416062462292,0.92676,5000,1.5925542027861983,0.9255702280912365,833,1.608304579037066,0.9192,0.8061302500134824,0.08344022806797416,,,0.8114764791183752,,0.8114954068570854,0.18850459314291457,0.9699331971174421,0.402072232281961,5,0.1,0.5,0.6197111190259653,0.6201978473676854,0.6108760489046929,0.622395905106235,0.6091648086469731,0.6216369392258391,0.6234937134779637,0.614610325513748,1.0,0.6076406875860236,0.6212398484910611,0.6113686357050546
3,9,0.2496362517249717,0.92468,5000,1.612770023169341,0.8967587034813925,833,1.6068598736589328,0.9192,0.7998406397774639,0.08327233788841551,,,0.7608710770642395,,0.7608854977159781,0.23911450228402187,0.9699684310690456,0.4018363840079172,5,0.1,0.5,0.6171766635196639,0.6214775520885262,0.6058762677763595,0.605314474011897,0.5981191610115617,0.6127738965595054,0.6146997253748944,0.6162544326511328,0.6076406875860236,1.0,0.6204657219057674,0.6013433499857762
3,10,0.23970290103639552,0.92748,5000,1.5992049994292084,0.9147659063625451,833,1.605420849955501,0.9199,0.8095667948293825,0.08399932735345754,,,0.9799999996985803,,0.9800010039656644,0.019998996034335637,0.9709877835809482,0.40226919327192234,5,0.1,0.5,0.6225477648907367,0.6247929112359634,0.6202522735272596,0.6203431653842201,0.6132985236671114,0.6227752556263856,0.6201691336170764,0.6138808198111569,0.6212398484910611,0.6204657219057674,1.0,0.6127235155639393
3,11,0.26803288556469285,0.91888,5000,1.632027718755934,0.9123649459783914,833,1.6131245830950265,0.9178,0.7952172710862407,0.08273862660626394,,,0.6,,0.6,0.4,0.9659668220168902,0.3997096028657568,5,0.1,0.5,0.6097677239956538,0.6106599246971954,0.6043628736429062,0.612612371088871,0.592948337054798,0.6082146875373977,0.6077497802757554,0.6074895268999961,0.6113686357050546,0.6013433499857762,0.6127235155639393,1.0
4,0,0.2312204787761246,0.93076,5000,1.3477001101882369,0.9520383693045563,834,1.3695099414727938,0.9328,0.7992571030423105,0.08338788126816632,,,0.8605067480882369,,0.8605290899051252,0.13947091009487478,0.9698887152509872,0.39803692199226726,5,0.1,0.5,1.0,0.6008639835898246,0.6037300276663481,0.5981086742002291,0.6001548165313566,0.6009456975153831,0.6105174992146611,0.6021781937020698,0.608603295791129,0.602017640990796,0.6107474455573985,0.5991249710216745
4,1,0.22346153652034462,0.93432,5000,1.333578317253678,0.9508393285371702,834,1.363886707887863,0.9337,0.7975649317879023,0.08350425551804742,,,0.8963698522291685,,0.8963807037799307,0.10361929622006927,0.9706471874274204,0.3980852698275976,5,0.1,0.5,0.6008639835898246,1.0,0.5985556182740518,0.5965870369899396,0.6008229110934452,0.602414765419894,0.612929768405416,0.6049561624841489,0.6013118167984437,0.6070616542532051,0.6008049258737269,0.5932914852694687
4,2,0.22596161059536943,0.93092,5000,1.356126621917442,0.9328537170263789,834,1.3649262574534067,0.9334,0.7967134610066257,0.08326793138229915,,,0.8235417386214349,,0.8235580543145424,0.17644194568545757,0.9697145054425529,0.39794448170237845,5,0.1,0.5,0.6037300276663481,0.5985556182740518,1.0,0.6044889559788633,0.6096575987809042,0.5955832129633062,0.6054769314633234,0.6026730853570642,0.5984096570602735,0.6015385547205377,0.6016697981336102,0.5912275183735006
4,3,0.23320628575933208,0.92968,5000,1.3571702286049172,0.9256594724220624,834,1.3657064133177932,0.9332,0.7932434605726779,0.08319415663487621,,,0.8008065420250831,,0.8008282716731088,0.19917172832689123,0.9700132233520479,0.3978597086053886,5,0.1,0.5,0.5981086742002291,0.5965870369899396,0.6044889559788633,1.0,0.6058001673068718,0.5979732537770044,0.5992720022408734,0.6011049855252377,0.6009946425204342,0.5942401583834759,0.5904804862267282,0.5905074198332174
4,4,0.22949544620243417,0.93036,5000,1.356465706118831,0.936374549819928,833,1.3671950901659151,0.9329,0.7984090663241465,0.08316529181497861,,,0.791911257689808,,0.7919230962301089,0.20807690376989108,0.9678361471843302,0.3978191401977289,5,0.1,0.5,0.6001548165313566,0.6008229110934452,0.6096575987809042,0.6058001673068718,1.0,0.6123713258837938,0.6060899699304447,0.6025931489578842,0.6009356649802898,0.5959259240287594,0.6054367331907244,0.5904357095109765
4,5,0.21398593406934457,0.93664,5000,1.3418526075504444,0.943577430972389,833,1.3630018196166895,0.9342,0.7958644204335614,0.08357941888504562,,,0.919532980335201,,0.9195472114853672,0.08045278851463278,0.9709070150458303,0.3981019005560337,5,0.1,0.5,0.6009456975153831,0.602414765419894,0.5955832129633062,0.5979732537770044,0.6123713258837938,1.0,0.6009954169547242,0.6093215597002234,0.6041525347298596,0.5956662840031809,0.5989542450999457,0.5839853861670515
4,6,0.23103919006219714,0.92996,5000,1.3859106125654999,0.9195678271308524,833,1.3711395248437461,0.9329,0.8004748868837278,0.0834479410140492,,,0.8790153865840928,,0.8790271572712213,0.12097284272877873,0.9699936492661233,0.3980658751534693,5,0.1,0.5,0.6105174992146611,0.612929768405416,0.6054769314633234,0.5992720022408734,0.6060899699304447,0.6009954169547242,1.0,0.6121222615460641,0.6056453889618967,0.6041615672355525,0.600564232176758,0.5907622026155822
4,7,0.2289592919889007,0.93268,5000,1.3953113423453436,0.9231692677070829,833,1.365675856511052,0.9332,0.7993814037667522,0.08343090100521207,,,0.8737641595118417,,0.8737764168465438,0.12622358315345616,0.9700871622882535,0.39805838383504616,5,0.1,0.5,0.6021781937020698,0.6049561624841489,0.6026730853570642,0.6011049855252377,0.6025931489578842,0.6093215597002234,0.6121222615460641,1.0,0.6000610185101046,0.6071386159484631,0.5997674521139097,0.5960301865925278
4,8,0.22210057078131065,0.9308,5000,1.3477718344441167,0.9447779111644657,833,1.3654991003651968,0.9335,0.7976011153207938,0.08345265875122813,,,0.8804692537405332,,0.880482907484564,0.11951709251543596,0.970486287114876,0.3980675278603799,5,0.1,0.5,0.608603295791129,0.6013118167984437,0.5984096570602735,0.6009946425204342,0.6009356649802898,0.6041525347298596,0.6056453889618967,0.6000610185101046,1.0,0.600474583015854,0.6045420895772573,0.5951704681032023
4,9,0.23091233675101192,0.92896,5000,1.3716074382817303,0.9135654261704682,833,1.3641274299103612,0.9337,0.7950436889630028,0.08325138399720981,,,0.8184423236277791,,0.8184528889111993,0.18154711108880073,0.9699642485361574,0.39792696067366545,5,0.1,0.5,0.602017640990796,0.6070616542532051,0.6015385547205377,0.5942401583834759,0.5959259240287594,0.5956662840031809,0.6041615672355525,0.6071386159484631,0.600474583015854,1.0,0.6036402329759158,0.5847376817885838
4,10,0.2136612832024219,0.93412,5000,1.355714135699802,0.9327731092436975,833,1.3621959846240643,0.9342,0.796200626546222,0.08377563179490756,,,0.9799999996918296,,0.9800010039656644,0.019998996034335637,0.9710072420012881,0.39811511039181796,5,0.1,0.5,0.6107474455573985,0.6008049258737269,0.6016697981336102,0.5904804862267282,0.6054367331907244,0.5989542450999457,0.600564232176758,0.5997674521139097,0.6045420895772573,0.6036402329759158,1.0,0.587649907842611
4,11,0.24341746499038236,0.93016,5000,1.3958937901037711,0.9231692677070829,833,1.373091874792934,0.9329,0.7849436037709915,0.08254254793397973,,,0.6,,0.6,0.4,0.9658724704262841,0.39539896033595534,5,0.1,0.5,0.5991249710216745,0.5932914852694687,0.5912275183735006,0.5905074198332174,0.5904357095109765,0.5839853861670515,0.5907622026155822,0.5960301865925278,0.5951704681032023,0.5847376817885838,0.587649907842611,1.0
5,0,0.21283410560624424,0.93788,5000,1.0976339953917045,0.9592326139088729,834,1.123250619671977,0.9429,0.7835263732946846,0.08337560125041958,,,0.8731056910075636,,0.8731188193363787,0.1268811806636213,0.9696700400229867,0.39163218655577675,5,0.1,0.5,1.0,0.5783795104487065,0.5771850731232431,0.5816844612688704,0.5873613016952868,0.5712127102498818,0.583910095355333,0.5836717676733275,0.5825836430211153,0.5710967082255473,0.5833582842497891,0.5646975276268064
5,1,0.20351534466715945,0.94036,5000,1.0798875623279147,0.9592326139088729,834,1.1174344846996636,0.9433,0.7846121292181572,0.08349168668125254,,,0.9024995226192662,,0.9025099141609357,0.09749008583906427,0.9697733738673106,0.3916631861239373,5,0.1,0.5,0.5783795104487065,1.0,0.5730519182341194,0.5818483770614206,0.5780387421726834,0.5829782070098671,0.583878189050571,0.5812340939714403,0.5815669063403082,0.5842055936588846,0.5837891899055138,0.5657567555008978
5,2,0.21078878747904375,0.937,5000,1.1097729139857822,0.9448441247002398,834,1.118818614239129,0.9432,0.7790832203229073,0.08313890694209193,,,0.813172652102424,,0.8131870890015561,0.18681291099844388,0.9692833988658958,0.3914826985881158,5,0.1,0.5,0.5771850731232431,0.5730519182341194,1.0,0.5726384635235428,0.5869437309874131,0.5696766118674611,0.582866595200093,0.5815666450898349,0.5729046117289326,0.5658276041530967,0.5844980558867182,0.5567530562851373
5,3,0.2161493341041029,0.93516,5000,1.1103886586648446,0.9424460431654677,834,1.1193344366436186,0.9433,0.7848998894709827,0.0832943609842883,,,0.8525349554241382,,0.8525525827016716,0.14744741729832844,0.9692336611704859,0.39159684776703185,5,0.1,0.5,0.5816844612688704,0.5818483770614206,0.5726384635235428,1.0,0.5847336940922918,0.5797584692610627,0.576413051618039,0.5881724810145191,0.5847903732351999,0.5705421842382182,0.5835592728736535,0.5749407208615984
5,4,0.21073891304635034,0.935,5000,1.107971105310652,0.9483793517406963,833,1.1208003355672185,0.9432,0.7888264517494304,0.08341330778950469,,,0.8826533116915292,,0.8826715526329,0.11732844736710002,0.9691797973693398,0.3916444216707813,5,0.1,0.5,0.5873613016952868,0.5780387421726834,0.5869437309874131,0.5847336940922918,1.0,0.5971594630357075,0.5796306959292757,0.589481342175858,0.5836877834109219,0.5718723438152523,0.5860738744921224,0.5710648882077508
5,5,0.2028486055066916,0.93836,5000,1.090966886944241,0.9531812725090036,833,1.1165250008479475,0.9433,0.7826500602626398,0.08347288532795838,,,0.897738857918837,,0.8977511169118016,0.10224888308819835,0.9698153785055602,0.3916594522464407,5,0.1,0.5,0.5712127102498818,0.5829782070098671,0.5696766118674611,0.5797584692610627,0.5971594630357075,1.0,0.5776020551516469,0.5835950507097456,0.5805561789205178,0.5687927740813178,0.5786920689190531,0.5659413267210581
5,6,0.20989547793866153,0.9352,5000,1.140763516779299,0.9327731092436975,833,1.1249127730774804,0.9427,0.7852178652405847,0.0834753404185866,,,0.8983605080260014,,0.8983685557953918,0.10163144420460823,0.969754422390197,0.3916599227028526,5,0.1,0.5,0.583910095355333,0.583878189050571,0.582866595200093,0.576413051618039,0.5796306959292757,0.5776020551516469,1.0,0.5865390647183513,0.589425310620942,0.5783231638087681,0.5823958049710602,0.5596592555725362
5,7,0.2146551481987925,0.93532,5000,1.1521693423942283,0.9303721488595438,833,1.1192696854329338,0.9431,0.7887373706259365,0.08358786527852068,,,0.9268527723980224,,0.9268711410069775,0.07312885899302246,0.9697684657800397,0.39167767467083936,5,0.1,0.5,0.5836717676733275,0.5812340939714403,0.5815666450898349,0.5881724810145191,0.589481342175858,0.5835950507097456,0.5865390647183513,1.0,0.5845845223654931,0.5809212315381659,0.5862359750707405,0.5679045472665055
5,8,0.19908700228902693,0.93972,5000,1.1000365791497406,0.9519807923169268,833,1.1191134167174561,0.943,0.7878221455614832,0.08357019549910846,,,0.9223786319573852,,0.9223934541438683,0.07760654585613169,0.9697774825402355,0.3916755239592252,5,0.1,0.5,0.5825836430211153,0.5815669063403082,0.5729046117289326,0.5847903732351999,0.5836877834109219,0.5805561789205178,0.589425310620942,0.5845845223654931,1.0,0.5795593367944445,0.5882478447889976,0.5773466531016636
5,9,0.21339927342702533,0.93544,5000,1.1280334106198064,0.921968787515006,833,1.1180314541624758,0.9432,0.7778685770939919,0.08308506804096055,,,0.7995401783056726,,0.7995482154510316,0.2004517845489684,0.9691677440251202,0.39142759796602483,5,0.1,0.5,0.5710967082255473,0.5842055936588846,0.5658276041530967,0.5705421842382182,0.5718723438152523,0.5687927740813178,0.5783231638087681,0.5809212315381659,0.5795593367944445,1.0,0.5813102589315043,0.5601253253922261
5,10,0.19687728962214415,0.94272,5000,1.1091197684959129,0.9399759903961584,833,1.1157668210066165,0.9431,0.7881485772149595,0.08379776029547051,,,0.9799999997467914,,0.9800010039656644,0.019998996034335637,0.9699040557108295,0.39168820936499504,5,0.1,0.5,0.5833582842497891,0.5837891899055138,0.5844980558867182,0.5835592728736535,0.5860738744921224,0.5786920689190531,0.5823958049710602,0.5862359750707405,0.5882478447889976,0.5813102589315043,1.0,0.5685031619693028
5,11,0.23040645096249357,0.93404,5000,1.1559722732614588,0.9279711884753902,833,1.1299347759435734,0.9422,0.7689556658032849,0.08229702149183776,,,0.6,,0.6,0.4,0.9647111987030128,0.3889625225393014,5,0.1,0.5,0.5646975276268064,0.5657567555008978,0.5567530562851373,0.5749407208615984,0.5710648882077508,0.5659413267210581,0.5596592555725362,0.5679045472665055,0.5773466531016636,0.5601253253922261,0.5685031619693028,1.0
6,0,0.19281643113465446,0.94188,5000,0.8628006180127462,0.9628297362110312,834,0.8910107509777568,0.9489,0.7708020643942703,0.08339311524604116,,,0.8759540766856887,,0.8759700818232017,0.12402991817679831,0.968493415776314,0.38490581740868074,5,0.1,0.5,1.0,0.5535870245088159,0.5563888716743959,0.553965537680741,0.5602031929364583,0.5539426282330985,0.5631263867597467,0.5539103144090818,0.5622600149182199,0.5543258001079359,0.5614589306300416,0.5480138792534215
6,1,0.19160457843362952,0.94372,5000,0.8436336053742303,0.9676258992805755,834,0.885388434885409,0.9491,0.7713149156313701,0.08348938190098142,,,0.9003957413484507,,0.9004166457507153,0.09958335424928466,0.9685897024129483,0.3849351940139098,5,0.1,0.5,0.5535870245088159,1.0,0.5548840645919813,0.5546342083541069,0.5560755001356279,0.5659305837329404,0.5583854098221696,0.5532415928037222,0.5548267049214052,0.5587780336159425,0.563282660398746,0.551734585140393
6,2,0.19154170399178028,0.9432,5000,0.877616058897089,0.947242206235012,834,0.8868358761738664,0.949,0.7718322875490606,0.08327034290099074,,,0.8447827381838384,,0.8447919281160584,0.1552080718839416,0.9681155899563785,0.38484299415516754,5,0.1,0.5,0.5563888716743959,0.5548840645919813,1.0,0.5572362338796989,0.5571154574414288,0.5623893185151793,0.5621300563563525,0.5542944560347338,0.5563559359413486,0.5520116686883068,0.56745784877045,0.5517078844954361
6,3,0.19899568397100945,0.9414,5000,0.878933416472541,0.9496402877697842,834,0.8872822262227725,0.9489,0.7686502328004502,0.08326225380728601,,,0.8427289541827291,,0.842743838160735,0.15725616183926505,0.9683287450230295,0.3848378118430992,5,0.1,0.5,0.553965537680741,0.5546342083541069,0.5572362338796989,1.0,0.5557801817543853,0.5604755122711202,0.5497994219908344,0.5546412729234013,0.557565020356333,0.5520296096110359,0.56095393842161,0.5446364558317223
6,4,0.19677506341438764,0.9402,5000,0.8737809084079884,0.9519807923169268,833,0.8886287566571952,0.9489,0.7693586418266445,0.083367370771013,,,0.8694176718843817,,0.8694242256914814,0.13057577430851863,0.9684895600121743,0.3848949646303319,5,0.1,0.5,0.5602031929364583,0.5560755001356279,0.5571154574414288,0.5557801817543853,1.0,0.569904186663696,0.5508906344659527,0.5511268304814181,0.5548879069954661,0.546568262054002,0.5590845461268257,0.5459973069035414
6,5,0.17877673048727735,0.94568,5000,0.856574210855696,0.9603841536614646,833,0.8845154391690946,0.9489,0.7758681491654018,0.08363797098965076,,,0.9381218333172168,,0.9381356357612569,0.061864364238743086,0.9686376366398141,0.3849577221457486,5,0.1,0.5,0.5539426282330985,0.5659305837329404,0.5623893185151793,0.5604755122711202,0.569904186663696,1.0,0.5574463986615782,0.560734653621719,0.5645090489287996,0.5543664405556988,0.5647085286965405,0.5530725566333345
6,6,0.1979034974536366,0.94028,5000,0.9090946405022232,0.9411764705882353,833,0.8925738275622408,0.9485,0.7695161940386399,0.08341468731871375,,,0.8814311275572637,,0.8814467145223633,0.11855328547763666,0.968536731873146,0.38491392276024866,5,0.1,0.5,0.5631263867597467,0.5583854098221696,0.5621300563563525,0.5497994219908344,0.5508906344659527,0.5574463986615782,1.0,0.5566909360840704,0.5550224524885202,0.5537800348736185,0.5588451239578145,0.5426258918660347
6,7,0.19250941141894098,0.94272,5000,0.9224631300678959,0.9375750300120048,833,0.887146606612891,0.9486,0.7674280470229539,0.08341645173376286,,,0.8818791044915717,,0.8818934792430099,0.11810652075699013,0.968557302942193,0.3849145759507146,5,0.1,0.5,0.5539103144090818,0.5532415928037222,0.5542944560347338,0.5546412729234013,0.5511268304814181,0.560734653621719,0.5566909360840704,1.0,0.556127693100042,0.5563284037773574,0.547666177813159,0.5441677528601547
6,8,0.19179234981335178,0.94148,5000,0.8674739886213232,0.9591836734693877,833,0.8869580133273579,0.9486,0.7719462866948406,0.08356456297418577,,,0.9194838729698084,,0.9194970132021485,0.0805029867978515,0.9686455955874517,0.3849491655681689,5,0.1,0.5,0.5622600149182199,0.5548267049214052,0.5563559359413486,0.557565020356333,0.5548879069954661,0.5645090489287996,0.5550224524885202,0.556127693100042,1.0,0.5534219204429948,0.5632374837977308,0.5525554376421269
6,9,0.20097842054785628,0.93972,5000,0.8989211696165579,0.9279711884753902,833,0.8860666285307643,0.949,0.7673308711450213,0.08307471434452575,,,0.7951135398664659,,0.7951307665277848,0.2048692334722152,0.967835294030069,0.38466802098200914,5,0.1,0.5,0.5543258001079359,0.5587780336159425,0.5520116686883068,0.5520296096110359,0.546568262054002,0.5543664405556988,0.5537800348736185,0.5563284037773574,0.5534219204429948,1.0,0.5578910518182613,0.5512494418847719
6,10,0.18170210846794685,0.94464,5000,0.8764143873144079,0.9483793517406963,833,0.883780657483366,0.9488,0.7743533386381006,0.0838029135601657,,,0.9799999997461046,,0.9800010039656644,0.019998996034335637,0.9687019343458254,0.3849646744162092,5,0.1,0.5,0.5614589306300416,0.563282660398746,0.56745784877045,0.56095393842161,0.5590845461268257,0.5647085286965405,0.5588451239578145,0.547666177813159,0.5632374837977308,0.5578910518182613,1.0,0.5472033217661132
6,11,0.21051536419600914,0.93788,5000,0.9281568350615325,0.9315726290516206,833,0.8998600551114676,0.9479,0.7606026490861433,0.082306234452683,,,0.6,,0.6,0.4,0.9634577439854181,0.38225883155535806,5,0.1,0.5,0.5480138792534215,0.551734585140393,0.5517078844954361,0.5446364558317223,0.5459973069035414,0.5530725566333345,0.5426258918660347,0.5441677528601547,0.5525554376421269,0.5512494418847719,0.5472033217661132,1.0
7,0,0.18311116966318078,0.94552,5000,0.6617611790144885,0.9652278177458034,834,0.6913293999033614,0.9527,0.7573549227234155,0.08347195251948857,,,0.8995402422471461,,0.8995482154510316,0.10045178454896841,0.9648530618944966,0.37727165630698445,5,0.1,0.5,1.0,0.5308346238031362,0.5293314083047226,0.5319373384774347,0.5360273248036581,0.5313327485355385,0.5382277396529082,0.529452776465625,0.5342214939760622,0.5332367815429856,0.5374892200941481,0.5255635304342242
