round,client_id,client_i_training_loss,client_i_training_accuracy,client_i_training_dataset_size,client_i_evaluation_loss,client_i_evaluation_accuracy,client_i_evaluation_dataset_size,client_i_central_evaluation_loss,client_i_central_evaluation_accuracy,client_i_cosine_similarity,client_i_importance_coefficient,client_i_tanh_val,tanh_normalization_value,client_i_q,client_i_mask_order,client_i_v_nonzero_fraction,client_i_v_sparsity,client_i_v_cosine_similarity,client_i_reward_gradient_norm,local_epochs,learning_rate,gamma,client_0_cosine_similarity,client_1_cosine_similarity,client_2_cosine_similarity,client_3_cosine_similarity,client_4_cosine_similarity,client_5_cosine_similarity,client_6_cosine_similarity,client_7_cosine_similarity,client_8_cosine_similarity,client_9_cosine_similarity,client_10_cosine_similarity,client_11_cosine_similarity
0,0,2.2906086567676427,0.12493400527957764,4167,2.294520854949951,0.16906474820143885,834,2.296954034249994,0.1528,0.9661492373452223,0.0828525768703376,,,0.8266883234252579,,0.8267481969269364,0.17325180307306365,0,0.14573866110018507,10,0.025,0.15,1.0,0.9510788502134274,0.9277428296376313,0.8892853333197369,0.9232618232441345,0.9327238338231664,0.9342689729819397,0.924263551336522,0.9491661441447128,0.9447626936387851,0.9453820426375462,0.9443942775363244
0,1,2.292277544195002,0.11312694984401248,4167,2.297443117414202,0.14628297362110312,834,2.2969515474536752,0.1529,0.9726063520188128,0.08340630974014174,,,0.8990342882562639,,0.899069168688419,0.10093083131158098,0,0.1457587926159332,10,0.025,0.15,0.9510788502134274,1.0,0.9341515348958592,0.91068292021683,0.9350608846406226,0.925642521330047,0.9410444319863658,0.9425701940708185,0.9479079774022382,0.9506087245435276,0.9559520131895953,0.9469253206173908
0,2,2.2889193816618487,0.1611711063114951,4167,2.2974284376416887,0.14628297362110312,834,2.2969603236717515,0.1527,0.9583143055791176,0.0821806886554188,,,0.7389051994361098,,0.738938126124342,0.26106187387565805,0,0.14566775342191945,10,0.025,0.15,0.9277428296376313,0.9341515348958592,1.0,0.8842671166391515,0.9308313152073482,0.9284570960934322,0.9354475206444451,0.9086183904739472,0.933554210653861,0.9132388097366261,0.9549736550608873,0.9236775974628195
0,3,2.2932125712886,0.14578833693304535,4167,2.2977231230054582,0.14268585131894485,834,2.2969619382785846,0.1529,0.9548418889108944,0.08188290995021552,,,0.7,,0.7000132032810154,0.29998679671898465,0,0.1455964286320401,10,0.025,0.15,0.8892853333197369,0.91068292021683,0.8842671166391515,1.0,0.929616911580282,0.9402567902398626,0.9420349441712956,0.951038863336461,0.9201315750327009,0.9277433436734818,0.9131127669310051,0.9262915364533333
0,4,2.2906425721717603,0.14442044636429086,4167,2.2994639532906667,0.15006002400960383,833,2.296951357322403,0.1529,0.9747468023992092,0.08358986505729568,,,0.9230160441597208,,0.9230578798831509,0.07694212011684909,0,0.1457614370622596,10,0.025,0.15,0.9232618232441345,0.9350608846406226,0.9308313152073482,0.929616911580282,1.0,0.9494630718796128,0.953925683090267,0.9432838887837373,0.9452611080423522,0.956588781499066,0.9593087759771232,0.9399809868356893
0,5,2.2930866581020934,0.14502039836813055,4167,2.298261880874634,0.148859543817527,833,2.296951257729832,0.1529,0.9756614773673662,0.0836683034342889,,,0.9332641265344579,,0.9332904226700335,0.06670957732996652,0,0.14576204617080082,10,0.025,0.15,0.9327238338231664,0.925642521330047,0.9284570960934322,0.9402567902398626,0.9494630718796128,1.0,0.9530122558850568,0.9379347460536638,0.9587517550764783,0.9493800334887464,0.9512631394739527,0.9503652817406633
0,6,2.290359404592803,0.1499880009599232,4167,2.297483580453055,0.14765906362545017,833,2.296951215478438,0.1529,0.9783921620313588,0.08390247456674643,,,0.9638589086704763,,0.9638890264230662,0.036110973576933825,0,0.14576302706092098,10,0.025,0.15,0.9342689729819397,0.9410444319863658,0.9354475206444451,0.9420349441712956,0.953925683090267,0.9530122558850568,1.0,0.95365961240805,0.9554150050641201,0.9401671814259968,0.9522243276044714,0.9478873409458826
0,7,2.2938422672676317,0.1507799376049916,4167,2.2977824211120605,0.14765906362545017,833,2.2969516319564627,0.153,0.9720295890209362,0.08335684916120586,,,0.8925721952519574,,0.8926078130415408,0.1073921869584592,0,0.14575791935198829,10,0.025,0.15,0.924263551336522,0.9425701940708185,0.9086183904739472,0.951038863336461,0.9432838887837373,0.9379347460536638,0.95365961240805,1.0,0.9472785877088966,0.9433526839097014,0.9474107650300693,0.9354822737601373
0,8,2.2926291183991867,0.15492078732597214,4166,2.2948438780648366,0.16926770708283315,833,2.296951188316828,0.1529,0.9791562494508175,0.08396799923851485,,,0.9724197976077682,,0.9724464029311284,0.027553597068871616,0,0.1457631426826304,10,0.025,0.15,0.9491661441447128,0.9479079774022382,0.933554210653861,0.9201315750327009,0.9452611080423522,0.9587517550764783,0.9554150050641201,0.9472785877088966,1.0,0.9525742288772769,0.961633996347249,0.9463376098645943
0,9,2.2917420979702112,0.11389822371579453,4166,2.293771607535226,0.16326530612244897,833,2.296951290927356,0.1529,0.9755588926378992,0.0836595062331368,,,0.9321147600441027,,0.9321516396824611,0.06784836031753894,0,0.14576199876263937,10,0.025,0.15,0.9447626936387851,0.9506087245435276,0.9132388097366261,0.9277433436734818,0.956588781499066,0.9493800334887464,0.9401671814259968,0.9433526839097014,0.9525742288772769,1.0,0.954593766489419,0.9430538390624845
0,10,2.292132790883382,0.13466154584733558,4166,2.297607966831752,0.15006002400960383,833,2.296951170209088,0.1529,0.980725340170018,0.0841025573423812,,,0.9899999998693486,,0.9900232707827895,0.00997672921721049,0,0.1457632337549703,10,0.025,0.15,0.9453820426375462,0.9559520131895953,0.9549736550608873,0.9131127669310051,0.9593087759771232,0.9512631394739527,0.9522243276044714,0.9474107650300693,0.961633996347249,0.954593766489419,1.0,0.940451816520895
0,11,2.2902830889730743,0.11245799327892463,4166,2.2961644445146834,0.1524609843937575,833,2.296951526327978,0.1529,0.972882136311309,0.08342995975031663,,,0.9021241947755765,,0.9021636876763875,0.09783631232361245,0,0.1457594413074562,10,0.025,0.15,0.9443942775363244,0.9469253206173908,0.9236775974628195,0.9262915364533333,0.9399809868356893,0.9503652817406633,0.9478873409458826,0.9354822737601373,0.9463376098645943,0.9430538390624845,0.940451816520895,1.0
1,0,2.2078358870564085,0.19750419966402688,4167,2.2836711747305736,0.2026378896882494,834,2.286832060994981,0.1776,0.9827560155954645,0.08291791259222099,,,0.802659788569762,,0.802709973428397,0.197290026571603,0.8128022504382127,0.14790840931779373,10,0.025,0.15,1.0,0.9719548874810213,0.9694296380958066,0.9602877223959017,0.9578425439327466,0.9633071695914147,0.9691094530857273,0.9671481851906836,0.9666028737446388,0.9662403628777527,0.9722901326000842,0.9690432576258355
1,1,2.2198108196258546,0.18540916726661866,4167,2.28728233064924,0.16786570743405277,834,2.286825825896444,0.1778,0.9878729851861712,0.0834250241955235,,,0.9061712255506893,,0.9062154445379677,0.09378455546203235,0.8128341484677528,0.14795852248357313,10,0.025,0.15,0.9719548874810213,1.0,0.9725809423683411,0.9715023627420415,0.9732810763631591,0.9693668475664653,0.9712171324993437,0.9748488002318005,0.9719459576941922,0.9712099106772686,0.9718004089673805,0.9740215440607007
1,2,2.199883248950496,0.19988000959923205,4167,2.2873404366629466,0.15947242206235013,834,2.286853201781647,0.1774,0.9840239859060059,0.08254505411220407,,,0.7265520505378787,,0.7265930583750062,0.2734069416249938,0.8121956788123486,0.14781580694947735,10,0.025,0.15,0.9694296380958066,0.9725809423683411,1.0,0.9630510615545126,0.9681915384751332,0.9709232263964254,0.9714056099482696,0.963439982710003,0.9652586391192554,0.9618244545125553,0.9739840405996928,0.968405976117819
1,3,2.224516335400668,0.1886729061675066,4167,2.2878880160195485,0.17865707434052758,834,2.2868270179893395,0.1775,0.9856704549528181,0.08241497328913798,,,0.7,,0.7000132032810154,0.29998679671898465,0.8146427648845065,0.14765205980643425,10,0.025,0.15,0.9602877223959017,0.9715023627420415,0.9630510615545126,1.0,0.9709533594276708,0.97536812967936,0.9714616129022625,0.9743120454900651,0.9739031502612233,0.9732008075643352,0.9657092503274323,0.9682519494800161
1,4,2.213898136399009,0.19253659707223422,4167,2.2896409375326976,0.1644657863145258,833,2.286825222305105,0.1778,0.9858350329254492,0.08347203233795421,,,0.9157665105749682,,0.9157960753247182,0.08420392467528182,0.8128577187922378,0.14795980242021997,10,0.025,0.15,0.9578425439327466,0.9732810763631591,0.9681915384751332,0.9709533594276708,1.0,0.9712645607543742,0.9735419408828825,0.9754384203741765,0.9723408961761724,0.9708291359062722,0.9698258024833669,0.9658886914238501
1,5,2.2194841023647425,0.1952963762898968,4167,2.2886300768171037,0.16926770708283315,833,2.286824679072899,0.1777,0.9871992675595831,0.08356460122306107,,,0.9346616379093312,,0.9347015233285472,0.06529847667145283,0.8128796031193332,0.14796161364195276,10,0.025,0.15,0.9633071695914147,0.9693668475664653,0.9709232263964254,0.97536812967936,0.9712645607543742,1.0,0.9756550135931922,0.9683951059681093,0.9781440855873959,0.9728150005052458,0.9723277465250043,0.9680124789598097
1,6,2.208829888791749,0.2060715142788577,4167,2.2878599166870117,0.17647058823529413,833,2.286824869204171,0.1777,0.9883489655665162,0.083746166096726,,,0.9717225942272758,,0.9717697347790926,0.028230265220907436,0.8129161965315057,0.14796602999946276,10,0.025,0.15,0.9691094530857273,0.9712171324993437,0.9714056099482696,0.9714616129022625,0.9735419408828825,0.9756550135931922,1.0,0.9756340382306259,0.9751015741708662,0.9745906454192222,0.9713547518739267,0.9700328322837932
1,7,2.2252726843862822,0.1958723302135829,4167,2.287587438310896,0.17406962785114047,833,2.2868260280995427,0.1778,0.9874641736430617,0.08338129249430061,,,0.8972447265202548,,0.8972784737007147,0.10272152629928533,0.8128399479977817,0.14795700325531444,10,0.025,0.15,0.9671481851906836,0.9748488002318005,0.963439982710003,0.9743120454900651,0.9754384203741765,0.9683951059681093,0.9756340382306259,1.0,0.9730334418234114,0.9741965280366556,0.9724371526856346,0.9698626821409458
1,8,2.2153850212241664,0.19800768122899665,4166,2.284767355237688,0.19807923169267708,833,2.28682477866547,0.1777,0.9882967246379519,0.08378484433052165,,,0.9796175813149282,,0.9796586951857537,0.02034130481424634,0.812920029590318,0.14796610564033963,10,0.025,0.15,0.9666028737446388,0.9719459576941922,0.9652586391192554,0.9739031502612233,0.9723408961761724,0.9781440855873959,0.9751015741708662,0.9730334418234114,1.0,0.9783068435613008,0.973590120688852,0.970140549052473
1,9,2.2151534969156437,0.18518963034085453,4166,2.283803565161569,0.19207683073229292,833,2.2868246549292457,0.1777,0.9871921531493543,0.08355895021326704,,,0.9335081558348439,,0.9335462362397056,0.06645376376029444,0.8128758650933824,0.1479615473326994,10,0.025,0.15,0.9662403628777527,0.9712099106772686,0.9618244545125553,0.9732008075643352,0.9708291359062722,0.9728150005052458,0.9745906454192222,0.9741965280366556,0.9783068435613008,1.0,0.9734830628782202,0.9686473321504346
1,10,2.2076925014004565,0.19791166586653863,4166,2.287719794682094,0.17046818727490998,833,2.286824739432033,0.1777,0.9873086348849368,0.08383570870875459,,,0.9899999997958804,,0.9900232707827895,0.00997672921721049,0.812910652057178,0.14796614925939705,10,0.025,0.15,0.9722901326000842,0.9718004089673805,0.9739840405996928,0.9657092503274323,0.9698258024833669,0.9723277465250043,0.9713547518739267,0.9724371526856346,0.973590120688852,0.9734830628782202,1.0,0.9699137450204227
1,11,2.2144688248634337,0.17808449351896302,4166,2.2857515471322194,0.18007202881152462,833,2.2868257806270935,0.1778,0.9852161924720289,0.08335344040632807,,,0.8915595684008554,,0.891576306712218,0.10842369328778201,0.8128139089763132,0.14795590218451551,10,0.025,0.15,0.9690432576258355,0.9740215440607007,0.968405976117819,0.9682519494800161,0.9658886914238501,0.9680124789598097,0.9700328322837932,0.9698626821409458,0.970140549052473,0.9686473321504346,0.9699137450204227,1.0
2,0,2.118466661193154,0.23585313174946004,4167,2.267986740384783,0.20983213429256595,834,2.2719957285289523,0.2018,0.9850440611195254,0.08302694144504114,,,0.99,,0.9900232707827895,0.00997672921721049,0.9327752797561026,0.14799026121962255,10,0.025,0.15,1.0,0.9716853598994517,0.9706257005609918,0.9689702957031173,0.9640331942495499,0.9657976886002477,0.9710260474262318,0.9708412808992017,0.9723075741829891,0.9678736135559154,0.9705296041277235,0.9686132788460503
2,1,2.1275563366485364,0.2314374850011999,4167,2.2726941108703613,0.19904076738609114,834,2.2719857994514174,0.2018,0.9881997229276548,0.08344169871928431,,,0.99,,0.9900232707827895,0.00997672921721049,0.9334080158130987,0.14799026121962255,10,0.025,0.15,0.9716853598994517,1.0,0.9716133541774504,0.9747547566392349,0.9759505758790306,0.9704120727786585,0.9704382047929377,0.9760568915517454,0.9765812367587107,0.9716159665888493,0.966676546917091,0.9737360117364218
2,2,2.102727343819358,0.2392848572114231,4167,2.272301878247942,0.1906474820143885,834,2.2720293455486056,0.2014,0.9852258438955893,0.08280311824323672,,,0.99,,0.9900232707827895,0.00997672921721049,0.9318878139648838,0.14799026121962255,10,0.025,0.15,0.9706257005609918,0.9716133541774504,1.0,0.9670078475923845,0.9689511296913188,0.9703991468716177,0.9713660358011773,0.9650002364841411,0.9717170573197693,0.9662399910841768,0.9718783555763014,0.9697467721270678
2,3,2.1377078023823826,0.22219822414206863,4167,2.273468937192644,0.20023980815347722,834,2.2720198269131817,0.2022,0.9870234607543762,0.08278126557542373,,,0.99,,0.9900232707827895,0.00997672921721049,0.931607163538322,0.14799026121962255,10,0.025,0.15,0.9689702957031173,0.9747547566392349,0.9670078475923845,1.0,0.9719459247340884,0.9735879730174132,0.9703164533145978,0.9727351266593003,0.9750464137246012,0.9711682189925033,0.9673049293806769,0.9730121748673096
2,4,2.1293572425842284,0.22894168466522677,4167,2.2751428740365163,0.18967587034813926,833,2.271984854830971,0.2017,0.9866469895882709,0.08342031104883056,,,0.99,,0.9900232707827895,0.00997672921721049,0.9334410503579678,0.14799026121962255,10,0.025,0.15,0.9640331942495499,0.9759505758790306,0.9689511296913188,0.9719459247340884,1.0,0.9715365641827218,0.972575745663126,0.9753709364719064,0.9738130533953377,0.9697866913791285,0.9678376638796634,0.969229214683139
2,5,2.1281513875181024,0.23062155027597792,4167,2.27457823072161,0.18127250900360145,833,2.271984308580809,0.2017,0.9860564326377886,0.08345819309150297,,,0.99,,0.9900232707827895,0.00997672921721049,0.9334477647575115,0.14799026121962255,10,0.025,0.15,0.9657976886002477,0.9704120727786585,0.9703991468716177,0.9735879730174132,0.9715365641827218,1.0,0.9706196642387296,0.9684538125903162,0.9741059870890635,0.9678898815211356,0.9704661016678349,0.9707861321250593
2,6,2.117751821965882,0.24050875929925605,4167,2.273869718824114,0.19447779111644659,833,2.2719842331318914,0.2018,0.987003481210417,0.08360076427564418,,,0.99,,0.9900232707827895,0.00997672921721049,0.9335265215579983,0.14799026121962255,10,0.025,0.15,0.9710260474262318,0.9704382047929377,0.9713660358011773,0.9703164533145978,0.972575745663126,0.9706196642387296,1.0,0.9726075898877388,0.9736859480460529,0.9728349319760262,0.969396686104883,0.9703264748231757
2,7,2.1402748064561323,0.22730981521478283,4167,2.272909266608102,0.20768307322929172,833,2.2719863094860995,0.2018,0.9871697536685248,0.08338135760731218,,,0.99,,0.9900232707827895,0.00997672921721049,0.9334008891554968,0.14799026121962255,10,0.025,0.15,0.9708412808992017,0.9760568915517454,0.9650002364841411,0.9727351266593003,0.9753709364719064,0.9684538125903162,0.9726075898877388,1.0,0.9733334337941896,0.972659274241276,0.9693999728766197,0.9707866477203297
2,8,2.123927519538186,0.23626980316850696,4166,2.2701545442853654,0.22448979591836735,833,2.271984178808671,0.2018,0.9891017851591909,0.08369263405335227,,,0.99,,0.9900232707827895,0.00997672921721049,0.9335301568731821,0.14799026121962255,10,0.025,0.15,0.9723075741829891,0.9765812367587107,0.9717170573197693,0.9750464137246012,0.9738130533953377,0.9741059870890635,0.9736859480460529,0.9733334337941896,1.0,0.9754673377649569,0.970937714810661,0.973053947831201
2,9,2.1319205352754302,0.22746039366298607,4166,2.269087110246931,0.21248499399759904,833,2.271984160700931,0.2017,0.9861205045963601,0.08345678912420167,,,0.99,,0.9900232707827895,0.00997672921721049,0.9334435455487632,0.14799026121962255,10,0.025,0.15,0.9678736135559154,0.9716159665888493,0.9662399910841768,0.9711682189925033,0.9697866913791285,0.9678898815211356,0.9728349319760262,0.972659274241276,0.9754673377649569,1.0,0.9692612353746112,0.9699512464987031
2,10,2.11667405908758,0.23466154584733556,4166,2.273010015487671,0.20768307322929172,833,2.2719841033597534,0.2018,0.985154400867514,0.08359597262354637,,,0.99,,0.9900232707827895,0.00997672921721049,0.9335367024158919,0.14799026121962255,10,0.025,0.15,0.9705296041277235,0.966676546917091,0.9718783555763014,0.9673049293806769,0.9678376638796634,0.9704661016678349,0.969396686104883,0.9693999728766197,0.970937714810661,0.9692612353746112,1.0,0.9695886412705949
2,11,2.132080694039663,0.21937109937590013,4166,2.2704638072422574,0.20168067226890757,833,2.2719858296309847,0.2018,0.9864529343791777,0.08334095419262413,,,0.99,,0.9900232707827895,0.00997672921721049,0.9334146302709427,0.14799026121962255,10,0.025,0.15,0.9686132788460503,0.9737360117364218,0.9697467721270678,0.9730121748673096,0.969229214683139,0.9707861321250593,0.9703264748231757,0.9707866477203297,0.973053947831201,0.9699512464987031,0.9695886412705949,1.0
3,0,2.0462433406800935,0.2623710103191745,4167,2.2469136033739363,0.2314148681055156,834,2.25190841095357,0.2272,0.9825210726320043,0.08308304108948276,,,0.99,,0.9900232707827895,0.00997672921721049,0.9660195082122367,0.14766203092178462,10,0.025,0.15,1.0,0.9670878345479988,0.9656963496334493,0.9615713818716595,0.9624288374483185,0.9629180781756317,0.9684157874530324,0.9675013741800309,0.9661760243150482,0.9633895622032862,0.9620048522870289,0.9594037737699647
3,1,2.0508564974322465,0.26126709863210945,4167,2.2529721600668773,0.2290167865707434,834,2.2518936350375793,0.2273,0.9861171033381446,0.08345549558490796,,,0.99,,0.9900232707827895,0.00997672921721049,0.9660195082122367,0.14766203092178462,10,0.025,0.15,0.9670878345479988,1.0,0.9654317331387646,0.9697464131395465,0.9718379292461833,0.9650281791857915,0.9669746689692061,0.9706264110808246,0.9735737574681412,0.9678058802765617,0.9610332657078943,0.96976974569481
3,2,2.029324778282281,0.26863450923926085,4167,2.2518715858459473,0.22422062350119903,834,2.251957950712759,0.2268,0.9830433033836188,0.08296197475205233,,,0.99,,0.9900232707827895,0.00997672921721049,0.9660195082122367,0.14766203092178462,10,0.025,0.15,0.9656963496334493,0.9654317331387646,1.0,0.9616972257146266,0.9649282014308811,0.9639546233262625,0.9659687768013194,0.9629450049187679,0.9680044348487953,0.963391713426961,0.9670462120698553,0.9637759355032613
3,3,2.066084085450028,0.24802015838732902,4167,2.254161902836391,0.22302158273381295,834,2.2519670558881155,0.2302,0.9845142750200644,0.08299623863162779,,,0.99,,0.9900232707827895,0.00997672921721049,0.9660195082122367,0.14766203092178462,10,0.025,0.15,0.9615713818716595,0.9697464131395465,0.9616972257146266,1.0,0.9675953666539107,0.9673370679914602,0.965803484879378,0.9675568884354434,0.9698156049654355,0.9673476164302102,0.9606947320869104,0.9710359367349889
3,4,2.056023569179304,0.2587952963762899,4167,2.2555805274418423,0.22328931572629052,833,2.2518922316877146,0.2271,0.985071230480262,0.08340836478586508,,,0.99,,0.9900232707827895,0.00997672921721049,0.9660195082122367,0.14766203092178462,10,0.025,0.15,0.9624288374483185,0.9718379292461833,0.9649282014308811,0.9675953666539107,1.0,0.9661000043348215,0.9686878017913089,0.9725036027401054,0.9694131972689909,0.9651186764655116,0.9624504144580869,0.9654792308735515
3,5,2.0519714716709023,0.25776337892968565,4167,2.255265508379255,0.2148859543817527,833,2.2518917910660368,0.2271,0.9841324776548844,0.08340125757709192,,,0.99,,0.9900232707827895,0.00997672921721049,0.9660195082122367,0.14766203092178462,10,0.025,0.15,0.9629180781756317,0.9650281791857915,0.9639546233262625,0.9673370679914602,0.9661000043348215,1.0,0.966748077245723,0.9654697606479415,0.9701468307612763,0.9644332530166518,0.9656266673966946,0.9676765276485046
3,6,2.043898415565491,0.2670506359491241,4167,2.254898650305612,0.22208883553421369,833,2.251891253869745,0.2271,0.9849229429916859,0.0835148240709783,,,0.99,,0.9900232707827895,0.00997672921721049,0.9660195082122367,0.14766203092178462,10,0.025,0.15,0.9684157874530324,0.9669746689692061,0.9659687768013194,0.965803484879378,0.9686878017913089,0.966748077245723,1.0,0.9688729435730501,0.9681651250866387,0.9683992082898448,0.962421044345494,0.9642917549696037
3,7,2.0662460966543716,0.25483561315094794,4167,2.2531032221657887,0.23289315726290516,833,2.2518945192988915,0.2273,0.9857241049455203,0.08340553347808412,,,0.99,,0.9900232707827895,0.00997672921721049,0.9660195082122367,0.14766203092178462,10,0.025,0.15,0.9675013741800309,0.9706264110808246,0.9629450049187679,0.9675568884354434,0.9725036027401054,0.9654697606479415,0.9688729435730501,1.0,0.9678347009416447,0.9683076014886267,0.9639559682609312,0.9686989907085273
3,8,2.0449864922147807,0.2627460393662986,4166,2.2503713880266463,0.2388955582232893,833,2.2518911754028705,0.2271,0.9869241972913817,0.08363642167845961,,,0.99,,0.9900232707827895,0.00997672921721049,0.9660195082122367,0.14766203092178462,10,0.025,0.15,0.9661760243150482,0.9735737574681412,0.9680044348487953,0.9698156049654355,0.9694131972689909,0.9701468307612763,0.9681651250866387,0.9678347009416447,1.0,0.9722965380356602,0.9630312739060406,0.9699060891130091
3,9,2.059002147298871,0.2547767642822852,4166,2.2490390028272356,0.234093637454982,833,2.2518915466115446,0.2271,0.9843138398387428,0.08340627776643608,,,0.99,,0.9900232707827895,0.00997672921721049,0.9660195082122367,0.14766203092178462,10,0.025,0.15,0.9633895622032862,0.9678058802765617,0.963391713426961,0.9673476164302102,0.9651186764655116,0.9644332530166518,0.9683992082898448,0.9683076014886267,0.9722965380356602,1.0,0.9624224393251427,0.9646594105344527
3,10,2.0442311666228554,0.26257801248199714,4166,2.2530486243111745,0.234093637454982,833,2.251891081846213,0.2271,0.9813933664681367,0.08339732091708973,,,0.99,,0.9900232707827895,0.00997672921721049,0.9660195082122367,0.14766203092178462,10,0.025,0.15,0.9620048522870289,0.9610332657078943,0.9670462120698553,0.9606947320869104,0.9624504144580869,0.9656266673966946,0.962421044345494,0.9639559682609312,0.9630312739060406,0.9624224393251427,1.0,0.9623685625010225
3,11,2.060208580349431,0.24810369659145462,4166,2.249845198222569,0.22569027611044418,833,2.2518936742710163,0.2271,0.9842644929451793,0.08333324966792426,,,0.99,,0.9900232707827895,0.00997672921721049,0.9660195082122367,0.14766203092178462,10,0.025,0.15,0.9594037737699647,0.96976974569481,0.9637759355032613,0.9710359367349889,0.9654792308735515,0.9676765276485046,0.9642917549696037,0.9686989907085273,0.9699060891130091,0.9646594105344527,0.9623685625010225,1.0
4,0,1.9814287810614615,0.28567314614830813,4167,2.220559869493757,0.24820143884892087,834,2.2266522238526165,0.2543,0.9805008198692543,0.08313126546916665,,,0.99,,0.9900232707827895,0.00997672921721049,0.9797572471414969,0.14729503975108144,10,0.025,0.15,1.0,0.9627015668432165,0.9601408202566865,0.9566184514075954,0.9579272701611671,0.9607899384834175,0.9645448007291976,0.9621427900304794,0.9615358371215327,0.9583344790908331,0.9571184341881935,0.9520707339270796
4,1,1.9869563467574842,0.28440124790016796,4167,2.2281455993652344,0.2434052757793765,834,2.2266300629965867,0.2542,0.9842902690835047,0.0834842485176607,,,0.99,,0.9900232707827895,0.00997672921721049,0.9797572471414969,0.14729503975108144,10,0.025,0.15,0.9627015668432165,1.0,0.9605390625842122,0.9652785411219882,0.9654781628052115,0.9623652046067911,0.9609782993603487,0.9660731954759135,0.968276411297881,0.9624242133446903,0.9576164553690136,0.9666853005566682
4,2,1.969984194726655,0.29344852411807054,4167,2.2261278288705006,0.2589928057553957,834,2.226722273645522,0.2543,0.9809100429937267,0.08306983542061,,,0.99,,0.9900232707827895,0.00997672921721049,0.9797572471414969,0.14729503975108144,10,0.025,0.15,0.9601408202566865,0.9605390625842122,1.0,0.9574686635505408,0.9579338344634694,0.9589722659838802,0.96001109042153,0.9594310142593456,0.9613376281790367,0.9592192304231315,0.9642751095199744,0.9594911993858074
4,3,2.0028052590110086,0.26829853611711063,4167,2.2300356115613664,0.25539568345323743,834,2.226752389835406,0.2562,0.9822834107830555,0.08313559713498442,,,0.99,,0.9900232707827895,0.00997672921721049,0.9797572471414969,0.14729503975108144,10,0.025,0.15,0.9566184514075954,0.9652785411219882,0.9574686635505408,1.0,0.9623238245269109,0.9615391468843905,0.9614250149745298,0.963851656958225,0.9637610445149885,0.9620276923139077,0.9546360632138569,0.9660212097894049
4,4,1.9943572875225182,0.2826733861291097,4167,2.2309388433183943,0.2581032412965186,833,2.2266278478163706,0.2543,0.9819850063015997,0.08338027272394626,,,0.99,,0.9900232707827895,0.00997672921721049,0.9797572471414969,0.14729503975108144,10,0.025,0.15,0.9579272701611671,0.9654781628052115,0.9579338344634694,0.9623238245269109,1.0,0.9610277837944282,0.9629050710471131,0.9660394235897768,0.9632880561862222,0.9589590132366682,0.9570570198530459,0.9583127925753161
4,5,1.9906501867554405,0.27859371250299975,4167,2.2306762082236156,0.24489795918367346,833,2.2266276939005794,0.2543,0.9825439889629809,0.08339404453309743,,,0.99,,0.9900232707827895,0.00997672921721049,0.9797572471414969,0.14729503975108144,10,0.025,0.15,0.9607899384834175,0.9623652046067911,0.9589722659838802,0.9615391468843905,0.9610277837944282,1.0,0.9623073624142945,0.960876189552442,0.9665521500430175,0.9594551680912959,0.9602868694748341,0.9636759379177038
4,6,1.980448467803724,0.2886729061675066,4167,2.230802910668509,0.25570228091236497,833,2.2266265350052072,0.2543,0.9818166070843352,0.08344051025111175,,,0.99,,0.9900232707827895,0.00997672921721049,0.9797572471414969,0.14729503975108144,10,0.025,0.15,0.9645448007291976,0.9609782993603487,0.96001109042153,0.9614250149745298,0.9629050710471131,0.9623073624142945,1.0,0.9625819155665561,0.9607399442193081,0.961134970267987,0.9558628315522361,0.9567715362747152
4,7,2.004147173419143,0.2769618430525558,4167,2.2282752650124684,0.27010804321728693,833,2.2266313214845295,0.2542,0.9833455526373858,0.08342272234031312,,,0.99,,0.9900232707827895,0.00997672921721049,0.9797572471414969,0.14729503975108144,10,0.025,0.15,0.9621427900304794,0.9660731954759135,0.9594310142593456,0.963851656958225,0.9660394235897768,0.960876189552442,0.9625819155665561,1.0,0.9617125319193226,0.9612610339358194,0.9583054639682981,0.9650385637722588
4,8,1.980502432042902,0.2841094575132021,4166,2.2252582822527205,0.25690276110444177,833,2.2266264233408095,0.2543,0.9840663680025058,0.08358864488395076,,,0.99,,0.9900232707827895,0.00997672921721049,0.9797572471414969,0.14729503975108144,10,0.025,0.15,0.9615358371215327,0.968276411297881,0.9613376281790367,0.9637610445149885,0.9632880561862222,0.9665521500430175,0.9607399442193081,0.9617125319193226,1.0,0.9677349518016835,0.9574211917337646,0.9633417042454494
4,9,1.9954547932653717,0.27489198271723475,4166,2.223929064614432,0.24849939975990396,833,2.2266273136380352,0.2543,0.9814593378670017,0.08336190833414887,,,0.99,,0.9900232707827895,0.00997672921721049,0.9797572471414969,0.14729503975108144,10,0.025,0.15,0.9583344790908331,0.9624242133446903,0.9592192304231315,0.9620276923139077,0.9589590132366682,0.9594551680912959,0.961134970267987,0.9612610339358194,0.9677349518016835,1.0,0.9559140077667396,0.9585984602140585
4,10,1.9820073474537243,0.2838214114258281,4166,2.2281691346849715,0.2617046818727491,833,2.226626296586628,0.2543,0.978855717593345,0.08327180186446337,,,0.99,,0.9900232707827895,0.00997672921721049,0.9797572471414969,0.14729503975108144,10,0.025,0.15,0.9571184341881935,0.9576164553690136,0.9642751095199744,0.9546360632138569,0.9570570198530459,0.9602868694748341,0.9558628315522361,0.9583054639682981,0.9574211917337646,0.9559140077667396,1.0,0.9559430913229583
4,11,2.0009014310258806,0.27102736437830055,4166,2.2240889753614153,0.24969987995198079,833,2.2266300026374526,0.2543,0.9815305714516821,0.08331914852654662,,,0.99,,0.9900232707827895,0.00997672921721049,0.9797572471414969,0.14729503975108144,10,0.025,0.15,0.9520707339270796,0.9666853005566682,0.9594911993858074,0.9660212097894049,0.9583127925753161,0.9636759379177038,0.9567715362747152,0.9650385637722588,0.9633417042454494,0.9585984602140585,0.9559430913229583,1.0
5,0,1.9290945461302094,0.30765538756899447,4167,2.1892731530325755,0.2685851318944844,834,2.196460313434842,0.274,0.9779017335669101,0.08314997401604388,,,0.99,,0.9900232707827895,0.00997672921721049,0.9880357103589561,0.1469555863996317,10,0.025,0.15,1.0,0.9566502045165578,0.9540212966100381,0.9503931225475974,0.9544521676217932,0.9553869205486656,0.9601110602510479,0.9584489727312068,0.9547717999512905,0.9535393760468492,0.9521130554771244,0.9468415503649464
5,1,1.9322690277388601,0.3028557715382769,4167,2.1984687532697404,0.2697841726618705,834,2.196428220483321,0.2742,0.981471031061875,0.08348408228993051,,,0.99,,0.9900232707827895,0.00997672921721049,0.9880357103589561,0.1469555863996317,10,0.025,0.15,0.9566502045165578,1.0,0.9547418004062315,0.9599093917931438,0.9599858861564946,0.9563690780203336,0.9554101116965481,0.9602976240559731,0.9636779364982868,0.9573433324302497,0.9524438903863797,0.9616781786368327
5,2,1.9174438588546985,0.3109191264698824,4167,2.195319516318185,0.28177458033573144,834,2.1965542684627484,0.2737,0.9777294621059727,0.0831064240108527,,,0.99,,0.9900232707827895,0.00997672921721049,0.9880357103589561,0.1469555863996317,10,0.025,0.15,0.9540212966100381,0.9547418004062315,1.0,0.9519834495269016,0.9522692494605349,0.9534185671086385,0.9542183033355054,0.9526352228890098,0.9545728522132164,0.9538200597668441,0.9582665275508742,0.9548209140130233
5,3,1.9469651182492573,0.2873050155987521,4167,2.2014128480638777,0.26258992805755393,834,2.196606258802776,0.2744,0.9798690426279634,0.08321661410316393,,,0.99,,0.9900232707827895,0.00997672921721049,0.9880357103589561,0.1469555863996317,10,0.025,0.15,0.9503931225475974,0.9599093917931438,0.9519834495269016,1.0,0.9573754839495249,0.9564849904857612,0.9582890297295757,0.9575495724573185,0.9562916830205902,0.9579725199941558,0.9494973891415365,0.9640922254831763
5,4,1.9408901073715903,0.3007679385649148,4167,2.2016213962009976,0.2857142857142857,833,2.196424897712997,0.2742,0.9801758414412579,0.083377739309285,,,0.99,,0.9900232707827895,0.00997672921721049,0.9880357103589561,0.1469555863996317,10,0.025,0.15,0.9544521676217932,0.9599858861564946,0.9522692494605349,0.9573754839495249,1.0,0.9581162360932332,0.9578888583224483,0.9615048928443103,0.9597907199480885,0.9545258896004634,0.9533611564299872,0.9540473275711896
5,5,1.939962344458609,0.2947204223662107,4167,2.2010114192962646,0.27010804321728693,833,2.1964250848263123,0.2742,0.980671943807105,0.08340237698377899,,,0.99,,0.9900232707827895,0.00997672921721049,0.9880357103589561,0.1469555863996317,10,0.025,0.15,0.9553869205486656,0.9563690780203336,0.9534185671086385,0.9564849904857612,0.9581162360932332,1.0,0.9593044821726382,0.9573793480112299,0.9620070801082655,0.9560867031327551,0.9545337610175008,0.9600636878103446
5,6,1.9258601958101447,0.30556755459563234,4167,2.201601505279541,0.2797118847539016,833,2.1964231865315496,0.2741,0.9802336040656404,0.0834168295389437,,,0.99,,0.9900232707827895,0.00997672921721049,0.9880357103589561,0.1469555863996317,10,0.025,0.15,0.9601110602510479,0.9554101116965481,0.9542183033355054,0.9582890297295757,0.9578888583224483,0.9593044821726382,1.0,0.9591365983303136,0.9558095924276999,0.9573844844358168,0.951182519692901,0.9552733001025806
5,7,1.9522707599582094,0.29344852411807054,4167,2.1986660276140486,0.2857142857142857,833,2.1964298562158513,0.2742,0.9810491564567727,0.08343235742023124,,,0.99,,0.9900232707827895,0.00997672921721049,0.9880357103589561,0.1469555863996317,10,0.025,0.15,0.9584489727312068,0.9602976240559731,0.9526352228890098,0.9575495724573185,0.9615048928443103,0.9573793480112299,0.9591365983303136,1.0,0.9555302183869729,0.9572733194402271,0.9529522564625728,0.9608799162960304
5,8,1.9245680675362096,0.3026884301488238,4166,2.1950787135532925,0.27010804321728693,833,2.1964230386516714,0.2741,0.9813010355027095,0.08354304673444228,,,0.99,,0.9900232707827895,0.00997672921721049,0.9880357103589561,0.1469555863996317,10,0.025,0.15,0.9547717999512905,0.9636779364982868,0.9545728522132164,0.9562916830205902,0.9597907199480885,0.9620070801082655,0.9558095924276999,0.9555302183869729,1.0,0.9642575413618576,0.9504436853074505,0.9592929529194535
5,9,1.9408111023180412,0.2944071051368219,4166,2.193788392203195,0.2665066026410564,833,2.196424592899371,0.2742,0.9797506292317356,0.08335256942478966,,,0.99,,0.9900232707827895,0.00997672921721049,0.9880357103589561,0.1469555863996317,10,0.025,0.15,0.9535393760468492,0.9573433324302497,0.9538200597668441,0.9579725199941558,0.9545258896004634,0.9560867031327551,0.9573844844358168,0.9572733194402271,0.9642575413618576,1.0,0.9495776491241242,0.9565475338422045
5,10,1.930070406740362,0.3029524723955833,4166,2.1985054356711253,0.2797118847539016,833,2.196422833430616,0.2741,0.9760403046929423,0.08317626974735633,,,0.99,,0.9900232707827895,0.00997672921721049,0.9880357103589561,0.1469555863996317,10,0.025,0.15,0.9521130554771244,0.9524438903863797,0.9582665275508742,0.9494973891415365,0.9533611564299872,0.9545337610175008,0.951182519692901,0.9529522564625728,0.9504436853074505,0.9495776491241242,1.0,0.9504458508062112
5,11,1.9491084171063973,0.2917426788286126,4166,2.193341016769409,0.27010804321728693,833,2.1964276772511155,0.2741,0.9802292660058423,0.08334171642118168,,,0.99,,0.9900232707827895,0.00997672921721049,0.9880357103589561,0.1469555863996317,10,0.025,0.15,0.9468415503649464,0.9616781786368327,0.9548209140130233,0.9640922254831763,0.9540473275711896,0.9600636878103446,0.9552733001025806,0.9608799162960304,0.9592929529194535,0.9565475338422045,0.9504458508062112,1.0
6,0,1.8809761636184923,0.32152627789776816,4167,2.1527908529554094,0.2793764988009592,834,2.161014215855659,0.2926,0.9754840951817626,0.0831639996469359,,,0.99,,0.9900232707827895,0.00997672921721049,0.9923014108023374,0.14658078844842456,10,0.025,0.15,1.0,0.9518193644889197,0.9487887708014694,0.9457230148039615,0.9519575337305131,0.9507347728699163,0.9542977285572641,0.9521783629939105,0.9499695452177938,0.9462229681094771,0.9479542520737314,0.939419270324815
6,1,1.8871377847411417,0.3222462203023758,4167,2.1637042931147983,0.2853717026378897,834,2.1609705369683763,0.2929,0.9791037739862993,0.0834884022194218,,,0.99,,0.9900232707827895,0.00997672921721049,0.9923014108023374,0.14658078844842456,10,0.025,0.15,0.9518193644889197,1.0,0.9499001234691054,0.9559709228599249,0.9554778028239239,0.9501803730568696,0.9516341926210208,0.9545598202477069,0.9569457012151927,0.9514664362710118,0.9477666052645517,0.9555921587803158
6,2,1.8707172408248438,0.3279577633789297,4167,2.159222023827689,0.29136690647482016,834,2.161133690725399,0.2925,0.975660570987079,0.08314281351849145,,,0.99,,0.9900232707827895,0.00997672921721049,0.9923014108023374,0.14658078844842456,10,0.025,0.15,0.9487887708014694,0.9499001234691054,1.0,0.947221359750782,0.9476411394237445,0.9489020611227159,0.9502233663862709,0.9483621752080605,0.9489913286094137,0.9492478134509195,0.9518934160384933,0.9500163633444071
6,3,1.9003927480090748,0.30417566594672424,4167,2.16824323790414,0.29256594724220625,834,2.1612080743041218,0.2933,0.9780887450793744,0.08328997622018287,,,0.99,,0.9900232707827895,0.00997672921721049,0.9923014108023374,0.14658078844842456,10,0.025,0.15,0.9457230148039615,0.9559709228599249,0.947221359750782,1.0,0.952833771926997,0.9529938360786819,0.9529446338248293,0.9534512171333919,0.9499654390320682,0.9535693009412766,0.9453409439650465,0.959528164700143
6,4,1.8931555433706804,0.31948644108471325,4167,2.1672187192099437,0.30012004801920766,833,2.160965880261192,0.2928,0.9786551313491255,0.0834080427859246,,,0.99,,0.9900232707827895,0.00997672921721049,0.9923014108023374,0.14658078844842456,10,0.025,0.15,0.9519575337305131,0.9554778028239239,0.9476411394237445,0.952833771926997,1.0,0.9547323347050723,0.9527900882849769,0.9566923477546678,0.9568079386575586,0.9505677302319926,0.947738701924934,0.9488534075848608
6,5,1.8970227667779633,0.30907127429805614,4167,2.166106803076608,0.2929171668667467,833,2.160966468762748,0.293,0.9781894058793232,0.08340812058034609,,,0.99,,0.9900232707827895,0.00997672921721049,0.9923014108023374,0.14658078844842456,10,0.025,0.15,0.9507347728699163,0.9501803730568696,0.9489020611227159,0.9529938360786819,0.9547323347050723,1.0,0.9537390066857321,0.95028711544795,0.9569558871620543,0.9503484582002797,0.948085758186254,0.9536755543256209
6,6,1.8791069821877913,0.3249340052795776,4167,2.166886738368443,0.297719087635054,833,2.1609631791899475,0.293,0.9777266117573346,0.08340199570622833,,,0.99,,0.9900232707827895,0.00997672921721049,0.9923014108023374,0.14658078844842456,10,0.025,0.15,0.9542977285572641,0.9516341926210208,0.9502233663862709,0.9529446338248293,0.9527900882849769,0.9537390066857321,1.0,0.952361766469345,0.9502546800646103,0.9523741760707289,0.9455746406836386,0.9490253617426876
6,7,1.9034972967523518,0.31115910727141827,4167,2.163827521460397,0.304921968787515,833,2.160972417155399,0.2929,0.9779929813775566,0.08342026659521884,,,0.99,,0.9900232707827895,0.00997672921721049,0.9923014108023374,0.14658078844842456,10,0.025,0.15,0.9521783629939105,0.9545598202477069,0.9483621752080605,0.9534512171333919,0.9566923477546678,0.95028711544795,0.952361766469345,1.0,0.9488925908335334,0.9504922384057957,0.9466320891205342,0.9544163941342075
6,8,1.8780835689920368,0.31781084973595775,4166,2.1595042092459544,0.29891956782713086,833,2.1609630403639395,0.293,0.9784577560968657,0.08350383865020991,,,0.99,,0.9900232707827895,0.00997672921721049,0.9923014108023374,0.14658078844842456,10,0.025,0.15,0.9499695452177938,0.9569457012151927,0.9489913286094137,0.9499654390320682,0.9568079386575586,0.9569558871620543,0.9502546800646103,0.9488925908335334,1.0,0.9590944462855464,0.9439488989160393,0.9518593330110554
6,9,1.894305242914142,0.31228996639462314,4166,2.1583546910967146,0.29411764705882354,833,2.160965828955928,0.293,0.9769523220375482,0.08333706036315143,,,0.99,,0.9900232707827895,0.00997672921721049,0.9923014108023374,0.14658078844842456,10,0.025,0.15,0.9462229681094771,0.9514664362710118,0.9492478134509195,0.9535693009412766,0.9505677302319926,0.9503484582002797,0.9523741760707289,0.9504922384057957,0.9590944462855464,1.0,0.9428820308849781,0.949870654567912
6,10,1.8859773783972769,0.3215074411905905,4166,2.1636417593274797,0.297719087635054,833,2.1609627596939665,0.293,0.973162015483166,0.08310468718395887,,,0.99,,0.9900232707827895,0.00997672921721049,0.9923014108023374,0.14658078844842456,10,0.025,0.15,0.9479542520737314,0.9477666052645517,0.9518934160384933,0.9453409439650465,0.947738701924934,0.948085758186254,0.9455746406836386,0.9466320891205342,0.9439488989160393,0.9428820308849781,1.0,0.9440525230567672
