round,client_id,client_i_training_loss,client_i_training_accuracy,client_i_training_dataset_size,client_i_evaluation_loss,client_i_evaluation_accuracy,client_i_evaluation_dataset_size,client_i_central_evaluation_loss,client_i_central_evaluation_accuracy,client_i_cosine_similarity,client_i_importance_coefficient,client_i_tanh_val,tanh_normalization_value,client_i_q,client_i_mask_order,client_i_v_nonzero_fraction,client_i_v_sparsity,client_i_v_cosine_similarity,client_i_reward_gradient_norm,local_epochs,learning_rate,gamma,client_0_cosine_similarity,client_1_cosine_similarity,client_2_cosine_similarity,client_3_cosine_similarity,client_4_cosine_similarity,client_5_cosine_similarity,client_6_cosine_similarity,client_7_cosine_similarity,client_8_cosine_similarity,client_9_cosine_similarity,client_10_cosine_similarity,client_11_cosine_similarity
0,0,0.3377517540506117,0.89452,5000,2.1920804889113814,0.4580335731414868,834,2.1974403012674837,0.4432,0.7916347216233245,0.08405268450453271,,,0.9397470135136625,,0.9397570403092215,0.06024295969077853,0,0.39242565332694473,5,0.1,0.5,1.0,0.5946075444190234,0.5751971596326463,0.5935670553147246,0.5867672981285289,0.5969495080129581,0.5907193501111377,0.5772079514281497,0.5849094376704025,0.5911156091846838,0.5739702044708146,0.5908546431809107
0,1,0.3417788876137536,0.89176,5000,2.191785529807762,0.447242206235012,834,2.1974358657678477,0.4433,0.7920704413495555,0.0840989475241817,,,0.9479678455604211,,0.9479795191004468,0.052020480899553245,0,0.3924272105147141,5,0.1,0.5,0.5946075444190234,1.0,0.5837190660005352,0.5989882340072253,0.5880145008701806,0.5662964682564312,0.594061840798583,0.5873131325459886,0.6001421148043633,0.5986946942702102,0.5813560981357951,0.566775815628182
0,2,0.347182920498026,0.88708,5000,2.194161794803761,0.434052757793765,834,2.197492687846906,0.4432,0.7874825902102859,0.08361182739942008,,,0.8614077212398635,,0.8614226193464184,0.1385773806535816,0,0.39236767612946105,5,0.1,0.5,0.5751971596326463,0.5837190660005352,1.0,0.583529138577604,0.5711900700331042,0.5900274072475071,0.5931779792199676,0.5936452267079438,0.5974934139709761,0.5754986692040172,0.5760490711813702,0.5772324716729631
0,3,0.33346057859083317,0.89188,5000,2.1987327381416604,0.434052757793765,834,2.197435337133682,0.4433,0.7921781493885482,0.08411038354331121,,,0.9499999998223023,,0.9500025099141609,0.04999749008583909,0,0.3924275278945037,5,0.1,0.5,0.5935670553147246,0.5989882340072253,0.583529138577604,1.0,0.598125984029989,0.5767810393315875,0.593484959685203,0.5866785509313236,0.5871478750824464,0.5952036510722246,0.575441095102205,0.5720363528172253
0,4,0.34463696236941654,0.8906,5000,2.194515007513541,0.4309723889555822,833,2.1978124422006333,0.4424,0.7792988336485068,0.08274290807392792,,,0.707002758242405,,0.7070277596506199,0.2929722403493801,0,0.39173325047802593,5,0.1,0.5,0.5867672981285289,0.5880145008701806,0.5711900700331042,0.598125984029989,1.0,0.5602470788398539,0.5865923022857927,0.5667671125420914,0.5673466854543996,0.5926462562150385,0.5645813294658131,0.5574038568496978
0,5,0.3344206997923031,0.89584,5000,2.1979167373092086,0.453781512605042,833,2.197880898039943,0.4421,0.7777792207965952,0.08258156151329597,,,0.67833184600319,,0.6783444606194469,0.32165553938055313,0,0.39147095034601875,5,0.1,0.5,0.5969495080129581,0.5662964682564312,0.5900274072475071,0.5767810393315875,0.5602470788398539,1.0,0.571813315382718,0.5631354413643896,0.5828819461240932,0.5741516912105811,0.5816081976720094,0.5614781834013863
0,6,0.34367357911601376,0.89348,5000,2.1945069277728044,0.4249699879951981,833,2.19743349605475,0.4432,0.791127445335738,0.08399882388852825,,,0.9301761060919885,,0.9301992871843783,0.06980071281562172,0,0.3924230617389366,5,0.1,0.5,0.5907193501111377,0.594061840798583,0.5931779792199676,0.593484959685203,0.5865923022857927,0.571813315382718,1.0,0.5775646046103463,0.592295680888894,0.5984027865142725,0.5862859348804731,0.5666893173194554
0,7,0.3389041787132051,0.89528,5000,2.2082431228072554,0.4261704681872749,833,2.1978628833453877,0.4424,0.7780946377366318,0.08261505125272266,,,0.6842828955716213,,0.6842929571808645,0.31570704281913553,0,0.39153081156118114,5,0.1,0.5,0.5772079514281497,0.5873131325459886,0.5936452267079438,0.5866785509313236,0.5667671125420914,0.5631354413643896,0.5775646046103463,1.0,0.5871286855117794,0.5721919708125269,0.563737684460773,0.552970609923643
0,8,0.33842229623893266,0.89504,5000,2.198709664521394,0.45738295318127253,833,2.197437194970469,0.4433,0.7905895665007302,0.0839417140134992,,,0.9200278128247681,,0.9200542141458762,0.07994578585412382,0,0.39241956373738807,5,0.1,0.5,0.5849094376704025,0.6001421148043633,0.5974934139709761,0.5871478750824464,0.5673466854543996,0.5828819461240932,0.592295680888894,0.5871286855117794,1.0,0.5906055365758087,0.5836739078815871,0.5723968775220349
0,9,0.3636127562718881,0.88496,5000,2.2058154035497597,0.43217286914765907,833,2.197454275033725,0.4433,0.7893340834432486,0.0838084117233787,,,0.896340302868796,,0.8963556046383214,0.10364439536167858,0,0.3924062216649904,5,0.1,0.5,0.5911156091846838,0.5986946942702102,0.5754986692040172,0.5952036510722246,0.5926462562150385,0.5741516912105811,0.5984027865142725,0.5721919708125269,0.5906055365758087,1.0,0.5702976799914844,0.5753890790793085
0,10,0.35460929959229415,0.88868,5000,2.1960735850863986,0.47539015606242496,833,2.1978879972768666,0.442,0.777748662929893,0.08257831699829568,,,0.6777553031598357,,0.6777722001907535,0.32222779980924654,0,0.39146539258801016,5,0.1,0.5,0.5739702044708146,0.5813560981357951,0.5760490711813702,0.575441095102205,0.5645813294658131,0.5816081976720094,0.5862859348804731,0.563737684460773,0.5836739078815871,0.5702976799914844,1.0,0.5680812721386921
0,11,0.3466350904909099,0.88932,5000,2.1987486238832825,0.4345738295318127,833,2.1988996842417854,0.4386,0.7709773890003524,0.08185936956490575,,,0.55,,0.5500125495708047,0.4499874504291953,0,0.389197443510732,5,0.1,0.5,0.5908546431809107,0.566775815628182,0.5772324716729631,0.5720363528172253,0.5574038568496978,0.5614781834013863,0.5666893173194554,0.552970609923643,0.5723968775220349,0.5753890790793085,0.5680812721386921,1.0
1,0,0.299248290393549,0.9088,5000,2.030239127300404,0.7673860911270983,834,2.0384783223033334,0.7451,0.812233881570288,0.08381277957156025,,,0.9066958675330219,,0.906711510466342,0.09328848953365798,0.9591862048168539,0.40604778573058525,5,0.1,0.5,1.0,0.6296760208047243,0.6248086071847082,0.6310447498714514,0.6280450523747593,0.6302490416409384,0.6372995018601331,0.6274364507600947,0.6253896399152903,0.6183242776416921,0.622865094722839,0.6374315230789813
1,1,0.3032219258973458,0.905,5000,2.033045773152952,0.750599520383693,834,2.0384728630510764,0.7448,0.8102981925643742,0.0837760192443091,,,0.8980458725306659,,0.8980573264394358,0.10194267356056419,0.9591845345339559,0.40604199615364706,5,0.1,0.5,0.6296760208047243,1.0,0.6227685003122914,0.6221946136189193,0.6288599616803829,0.6349360505617315,0.6328518899573914,0.627615825648741,0.6309016259282572,0.6253061125228525,0.6120967681211246,0.6260888301354323
1,2,0.3046863145995766,0.90612,5000,2.0338588467350713,0.7470023980815348,834,2.0386660815047,0.7451,0.8103908941517324,0.08345727018103778,,,0.8230417033494475,,0.8230560714823553,0.17694392851764473,0.9588060738504633,0.40591670148200165,5,0.1,0.5,0.6248086071847082,0.6227685003122914,1.0,0.6297226337209068,0.6323626755288382,0.6241579089918063,0.6337593051481636,0.6260444642951416,0.630986735328484,0.6241456812978065,0.6207768304448018,0.6268480417534235
1,3,0.2922700824524472,0.90852,5000,2.0426769433198153,0.7254196642685852,834,2.0384505381599403,0.7447,0.8126433614388052,0.08386516220398263,,,0.919021914185657,,0.9190351889965364,0.08096481100346364,0.9592063895936392,0.40605440824040123,5,0.1,0.5,0.6310447498714514,0.6221946136189193,0.6297226337209068,1.0,0.6320484236907777,0.6340823709422132,0.6303824096073657,0.6339047089884114,0.6386921706447115,0.6253349940681843,0.6175517834929892,0.621098364719535
1,4,0.30366180654923625,0.90728,5000,2.035935401916504,0.7406962785114045,833,2.039549557164835,0.7424,0.8138118901314919,0.08300194672633973,,,0.7159005024378049,,0.7159228954369761,0.28407710456302393,0.9572090613644278,0.4053404204823944,5,0.1,0.5,0.6280450523747593,0.6288599616803829,0.6323626755288382,0.6320484236907777,1.0,0.632990211174431,0.6310333447429493,0.6314482728017933,0.6349426057002447,0.6346076472179928,0.6201387148501486,0.6270287297242211
1,5,0.2951858799809673,0.90996,5000,2.044767900749489,0.737094837935174,833,2.0398014837179703,0.7425,0.813794640166764,0.08289470067093625,,,0.6906646595432516,,0.6906831986346067,0.3093168013653933,0.9566251836898793,0.405096743613081,5,0.1,0.5,0.6302490416409384,0.6349360505617315,0.6241579089918063,0.6340823709422132,0.632990211174431,1.0,0.6388296654390787,0.6293266473079487,0.6366817377429747,0.6249120852700317,0.6205445396489496,0.6272409068882395
1,6,0.302966317088361,0.908,5000,2.0346796909968057,0.7250900360144058,833,2.0384403775675226,0.7448,0.8185473073348777,0.08399681136253005,,,0.9499999997646921,,0.9500025099141609,0.04999749008583909,0.9592091690923801,0.4060630302811845,5,0.1,0.5,0.6372995018601331,0.6328518899573914,0.6337593051481636,0.6303824096073657,0.6310333447429493,0.6388296654390787,1.0,0.6345873405511314,0.6387652494049355,0.6353112709603483,0.6307101521407585,0.6306663837220802
1,7,0.2993157378320766,0.90888,5000,2.0524614651997886,0.7503001200480192,833,2.0398623627214767,0.7425,0.8117936198763515,0.08284722477794332,,,0.6794932073873575,,0.6794990211334773,0.32050097886652273,0.9565795657383456,0.4049688696124207,5,0.1,0.5,0.6274364507600947,0.627615825648741,0.6260444642951416,0.6339047089884114,0.6314482728017933,0.6293266473079487,0.6345873405511314,1.0,0.6299659002204596,0.6223674719764195,0.6246740697989558,0.6271389931008164
1,8,0.2907927534388746,0.90948,5000,2.043978461512813,0.7262905162064826,833,2.038453961332766,0.7446,0.8169172407090872,0.08390235621995194,,,0.927773959564742,,0.9277847497615581,0.07221525023844189,0.959189251207009,0.40605780770981875,5,0.1,0.5,0.6253896399152903,0.6309016259282572,0.630986735328484,0.6386921706447115,0.6349426057002447,0.6366817377429747,0.6387652494049355,0.6299659002204596,1.0,0.634879128035224,0.6293533375980066,0.6279633722383308
1,9,0.3299079994463427,0.90032,5000,2.041827153276514,0.7490996398559424,833,2.0385728754555457,0.7446,0.8097851107847004,0.08356613333390064,,,0.8486580620333848,,0.848672255408865,0.15132774459113496,0.9590348724058403,0.4059767756449763,5,0.1,0.5,0.6183242776416921,0.6253061125228525,0.6241456812978065,0.6253349940681843,0.6346076472179928,0.6249120852700317,0.6353112709603483,0.6223674719764195,0.634879128035224,1.0,0.6205381669650331,0.6238324878540397
1,10,0.3131312518540746,0.9038,5000,2.0365207195281982,0.758703481392557,833,2.0405627077760786,0.7419,0.8048872552176676,0.08258268485218183,,,0.617244875915045,,0.6172581697705939,0.3827418302294061,0.9553100923268567,0.40403172560339623,5,0.1,0.5,0.622865094722839,0.6120967681211246,0.6207768304448018,0.6175517834929892,0.6201387148501486,0.6205445396489496,0.6307101521407585,0.6246740697989558,0.6293533375980066,0.6205381669650331,1.0,0.6283802890652364
1,11,0.2995935574268839,0.90864,5000,2.0416563661010176,0.7490996398559424,833,2.0429589367522216,0.7363,0.8103325583286513,0.08229691085532669,,,0.55,,0.5500125495708047,0.4499874504291953,0.9523540926674211,0.4023440869639196,5,0.1,0.5,0.6374315230789813,0.6260888301354323,0.6268480417534235,0.621098364719535,0.6270287297242211,0.6272409068882395,0.6306663837220802,0.6271389931008164,0.6279633722383308,0.6238324878540397,0.6283802890652364,1.0
2,0,0.2698092965966767,0.9172,5000,1.8279822225923892,0.8932853717026379,834,1.8406567063194494,0.8755,0.8102489258959149,0.08361550983194477,,,0.858336031371867,,0.8583504844134331,0.1416495155865669,0.9682026712621667,0.4055550797039247,5,0.1,0.5,1.0,0.62693899821759,0.6334655355129489,0.625696249388318,0.6259934792375049,0.6187948384220818,0.6297947766452637,0.6191158046010441,0.6205774250579655,0.6251167951703501,0.6230007249639115,0.6372882840472165
2,1,0.27043766534181346,0.91748,5000,1.835641207518401,0.8800959232613909,834,1.8406288875177645,0.8755,0.814543693166402,0.08374066455471543,,,0.8985950514085397,,0.8986044877265198,0.1013955122734802,0.9682863628350258,0.40560743123252585,5,0.1,0.5,0.62693899821759,1.0,0.6300295832751535,0.6297742629350798,0.6238880062311927,0.630183940148127,0.6366218682038906,0.6257801250222143,0.637228980100815,0.6316651939621877,0.6226544885782871,0.6328167402536501
2,2,0.272822974489373,0.9158,5000,1.8335606301272358,0.8860911270983214,834,1.8410155757928428,0.8756,0.8133022011798072,0.08348669817231748,,,0.8169006698362524,,0.8169218412730285,0.18307815872697153,0.9678770552164402,0.40545133357809715,5,0.1,0.5,0.6334655355129489,0.6300295832751535,1.0,0.6355689399180992,0.6241573881846507,0.6271294717750612,0.6302926324049973,0.6231658450663975,0.62722002875158,0.6221469310596519,0.6289571416815894,0.6349009384730557
2,3,0.26354053398107835,0.91984,5000,1.8492819821393047,0.8764988009592326,834,1.840591078749099,0.8756,0.8154027977299033,0.08382950467062439,,,0.927172606671818,,0.9271873901912555,0.07281260980874449,0.9683113214457284,0.40562379355174527,5,0.1,0.5,0.625696249388318,0.6297742629350798,0.6355689399180992,1.0,0.6294360597609849,0.6344772527317475,0.6297698003604782,0.62920710949177,0.6403397893475327,0.6292322754522535,0.6204559684574664,0.6316614511707205
2,4,0.2724693275062711,0.91432,5000,1.8387872201425057,0.8715486194477791,833,1.84390769675136,0.8745,0.8043711422401785,0.08287482400771619,,,0.6200766610631738,,0.620104412429095,0.379895587570905,0.9644008611141823,0.40345482639571273,5,0.1,0.5,0.6259934792375049,0.6238880062311927,0.6241573881846507,0.6294360597609849,1.0,0.6220904802809599,0.6236993728523678,0.6123940926867705,0.618632888526941,0.6259359537070414,0.6056391873854023,0.6200064211091061
2,5,0.26438776330138514,0.91992,5000,1.8548590121445832,0.8679471788715486,833,1.8436265734437935,0.8752,0.8107191478429921,0.08302482680700642,,,0.6683286612154024,,0.6683399427739571,0.33166005722604286,0.9657741445626251,0.40428328138137454,5,0.1,0.5,0.6187948384220818,0.630183940148127,0.6271294717750612,0.6344772527317475,0.6220904802809599,1.0,0.6294059078992609,0.6254217033142929,0.6327583842844399,0.6192299599464742,0.62710408138028,0.6277767529186159
2,6,0.2756614086924085,0.9164,5000,1.8367807026262637,0.8607442977190877,833,1.8405737956872763,0.8755,0.8149406249780875,0.08390046904185608,,,0.9499999996783259,,0.9500025099141609,0.04999749008583909,0.9683400894730416,0.40562930449863355,5,0.1,0.5,0.6297947766452637,0.6366218682038906,0.6302926324049973,0.6297698003604782,0.6236993728523678,0.6294059078992609,1.0,0.6242654867204186,0.6380291013627117,0.631162399253469,0.6268108682374304,0.6306068239233236
2,7,0.2727937487173517,0.9196,5000,1.8590367900000677,0.8703481392557023,833,1.8446393066320936,0.8747,0.8060788751557468,0.08283195001878993,,,0.6062852136369572,,0.6063049043722705,0.39369509562772953,0.9640428767297073,0.4031515679701419,5,0.1,0.5,0.6191158046010441,0.6257801250222143,0.6231658450663975,0.62920710949177,0.6123940926867705,0.6254217033142929,0.6242654867204186,1.0,0.6305080142240338,0.6144385075735317,0.6191386672880486,0.62597504727337
2,8,0.26779122512763853,0.91932,5000,1.852112271167614,0.8703481392557023,833,1.8405909248815178,0.8755,0.8160556180484999,0.08387681654069631,,,0.9423916050686132,,0.9424075096631696,0.05759249033683045,0.968328577214887,0.40562796510059557,5,0.1,0.5,0.6205774250579655,0.637228980100815,0.62722002875158,0.6403397893475327,0.618632888526941,0.6327583842844399,0.6380291013627117,0.6305080142240338,1.0,0.6325077940923843,0.6302286508276275,0.6337802100893335
2,9,0.29196984632931366,0.91236,5000,1.8383724733635232,0.8823529411764706,833,1.8409835130642778,0.8756,0.8086213565456973,0.0833957830979655,,,0.7876556543950147,,0.7876713016414839,0.2123286983585161,0.9677700285579058,0.40533787409779704,5,0.1,0.5,0.6251167951703501,0.6316651939621877,0.6221469310596519,0.6292322754522535,0.6259359537070414,0.6192299599464742,0.631162399253469,0.6144385075735317,0.6325077940923843,1.0,0.6128301372650694,0.6264064978528715
2,10,0.2853662368894857,0.91452,5000,1.8384667458357635,0.8751500600240096,833,1.8469636093694182,0.8736,0.8060771996679624,0.08265697406799917,,,0.55,,0.5500125495708047,0.4499874504291953,0.9615631364889246,0.40158925377302235,5,0.1,0.5,0.6230007249639115,0.6226544885782871,0.6289571416815894,0.6204559684574664,0.6056391873854023,0.62710408138028,0.6268108682374304,0.6191386672880486,0.6302286508276275,0.6128301372650694,1.0,0.6338912875221873
2,11,0.26958669412548947,0.91564,5000,1.8485843517162182,0.8679471788715486,833,1.8491940087022873,0.8717,0.8146391678238011,0.08276597918836831,,,0.5850641128667798,,0.5850860900557201,0.4149139099442799,0.9616325321491715,0.4026304010014305,5,0.1,0.5,0.6372882840472165,0.6328167402536501,0.6349009384730557,0.6316614511707205,0.6200064211091061,0.6277767529186159,0.6306068239233236,0.62597504727337,0.6337802100893335,0.6264064978528715,0.6338912875221873,1.0
3,0,0.2420186987947554,0.92612,5000,1.5940498820057623,0.9304556354916067,834,1.611643727595052,0.9194,0.8046035891350931,0.08345741336555948,,,0.8058323984610678,,0.805853119823302,0.194146880176698,0.9703231000443673,0.4029615534336139,5,0.1,0.5,1.0,0.6211776084715593,0.6144709874406444,0.6164862012057082,0.6177924675193155,0.6115649824966986,0.6234413983273405,0.6019957653574123,0.6175306132719024,0.6231755029206764,0.6087536149931144,0.6283512712823548
3,1,0.24877033956811592,0.92376,5000,1.60641669344019,0.9136690647482014,834,1.6114971489190293,0.9196,0.8052488056203442,0.08356283474185913,,,0.8382260676355154,,0.8382410521560163,0.1617589478439837,0.9706081956121004,0.40307466096020944,5,0.1,0.5,0.6211776084715593,1.0,0.6071922044743734,0.6188362675427584,0.6176293678441417,0.6152353858773,0.6273424877034436,0.6112194026090902,0.6212058726636238,0.6227909180229989,0.6092091855086836,0.6185307674009122
3,2,0.2522636510182623,0.92264,5000,1.6015122908133048,0.9304556354916067,834,1.6121578704053983,0.9196,0.8043983705125197,0.08336491236466362,,,0.7774088763396279,,0.7774208122082225,0.22257918779177754,0.9699566421142307,0.4028178457262002,5,0.1,0.5,0.6144709874406444,0.6071922044743734,1.0,0.6234326863452758,0.6148992849484469,0.6138442745987464,0.6205891134753001,0.6091487541552035,0.6200239096398334,0.6142070155530437,0.6175006721369988,0.6281838143999859
3,3,0.2413707218886276,0.92688,5000,1.625179202468307,0.9088729016786571,834,1.611302330090215,0.9194,0.8104298309454934,0.08380236524135488,,,0.9118285193413291,,0.9118467948396165,0.0881532051603835,0.9708480631289357,0.40319244210763294,5,0.1,0.5,0.6164862012057082,0.6188362675427584,0.6234326863452758,1.0,0.6298670886159033,0.6211613157606153,0.6238145124664293,0.6136132713776912,0.6264859211560952,0.6280744504666536,0.6152963763870989,0.6231885215025136
3,4,0.25089543523403346,0.923,5000,1.6096303860346477,0.9255702280912365,833,1.6166708244683263,0.9184,0.8071949215337396,0.08305703166320445,,,0.6828039115939918,,0.6828171276542342,0.3171828723457658,0.9666092332720092,0.401954815162991,5,0.1,0.5,0.6177924675193155,0.6176293678441417,0.6148992849484469,0.6298670886159033,1.0,0.6214946794315591,0.6269225518662211,0.6086897695285426,0.6251066116828569,0.6288665775558667,0.6095617207657105,0.6122171838670396
3,5,0.2321845386989984,0.93028,5000,1.6334797894513164,0.9111644657863145,833,1.6162817329644394,0.9188,0.8054829529590128,0.08309671814894076,,,0.6949986953727981,,0.695000250991416,0.30499974900858395,0.967880926749613,0.40210695949900993,5,0.1,0.5,0.6115649824966986,0.6152353858773,0.6138442745987464,0.6211613157606153,0.6214946794315591,1.0,0.6246160652318721,0.6143454644962867,0.6244368594439217,0.6201949136685979,0.6092263946441903,0.6198753972389452
3,6,0.2506675844051086,0.92348,5000,1.607526704117104,0.907563025210084,833,1.611257885972532,0.9194,0.8126438813777583,0.0839265898227806,,,0.949999999692722,,0.9500025099141609,0.04999749008583909,0.9709022837153819,0.4032078915163054,5,0.1,0.5,0.6234413983273405,0.6273424877034436,0.6205891134753001,0.6238145124664293,0.6269225518662211,0.6246160652318721,1.0,0.619356425087085,0.6278232149777909,0.629405589740314,0.6151663646817374,0.6228421761583595
3,7,0.24770160235796765,0.9268,5000,1.6357397459171437,0.9255702280912365,833,1.61928340307059,0.9188,0.7986500819010954,0.08273065566848266,,,0.5825157502115461,,0.5825309974398876,0.41746900256011243,0.9652156848706648,0.4000149454402553,5,0.1,0.5,0.6019957653574123,0.6112194026090902,0.6091487541552035,0.6136132713776912,0.6086897695285426,0.6143454644962867,0.619356425087085,1.0,0.6149757504952676,0.6172824009061725,0.6093124823254432,0.6109012046408124
3,8,0.24171905032281948,0.92956,5000,1.630081543215999,0.9195678271308524,833,1.6113155493721032,0.9194,0.8107340634612413,0.08384432092213713,,,0.9247205768248672,,0.9247326941418603,0.07526730585813968,0.9708813904230138,0.40319978853678395,5,0.1,0.5,0.6175306132719024,0.6212058726636238,0.6200239096398334,0.6264859211560952,0.6251066116828569,0.6244368594439217,0.6278232149777909,0.6149757504952676,1.0,0.6260507886898766,0.620022372892567,0.6192981092083473
3,9,0.2676273884370354,0.91956,5000,1.60223208533393,0.9255702280912365,833,1.611949425535842,0.9196,0.8108392114921411,0.083529276635564,,,0.8279144000060261,,0.8279253049545705,0.1720746950454295,0.9701357040194626,0.4030432629243834,5,0.1,0.5,0.6231755029206764,0.6227909180229989,0.6142070155530437,0.6280744504666536,0.6288665775558667,0.6201949136685979,0.629405589740314,0.6172824009061725,0.6260507886898766,1.0,0.6105728311896285,0.6254628893429233
3,10,0.2590721206134482,0.92332,5000,1.610960532117773,0.9135654261704682,833,1.6229714261838042,0.9175,0.7989400754712129,0.0826248369938442,,,0.55,,0.5500125495708047,0.4499874504291953,0.9635799537038694,0.399021508312329,5,0.1,0.5,0.6087536149931144,0.6092091855086836,0.6175006721369988,0.6152963763870989,0.6095617207657105,0.6092263946441903,0.6151663646817374,0.6093124823254432,0.620022372892567,0.6105728311896285,1.0,0.60978573551083
3,11,0.24515600172375704,0.925,5000,1.6237947808371649,0.9171668667466987,833,1.6231633481887964,0.9165,0.8077147877084675,0.08300304443160901,,,0.6662148232958454,,0.6662316148787711,0.33376838512122886,0.9651092468556186,0.4017227348478858,5,0.1,0.5,0.6283512712823548,0.6185307674009122,0.6281838143999859,0.6231885215025136,0.6122171838670396,0.6198753972389452,0.6228421761583595,0.6109012046408124,0.6192981092083473,0.6254628893429233,0.60978573551083,1.0
4,0,0.2248115276449188,0.9328,5000,1.341875954910561,0.9400479616306955,834,1.36469269750979,0.9339,0.7920026367706806,0.08323609901891248,,,0.7512975795607835,,0.7513126851061693,0.24868731489383067,0.9694927197818803,0.39801404268232543,5,0.1,0.5,1.0,0.602300387631338,0.6025854084598219,0.5970323931691836,0.5923819397637932,0.5911353442919527,0.6019200388279973,0.5956505616019404,0.5985103729136507,0.6023370928742829,0.5875980056171952,0.6039775707296883
4,1,0.22393802263340942,0.9322,5000,1.3586897761733443,0.9316546762589928,834,1.3638975997321523,0.9339,0.8016944219477175,0.08364549947892888,,,0.8636624380848072,,0.8636765222629386,0.13632347773706144,0.9704443364773803,0.3985013151702191,5,0.1,0.5,0.602300387631338,1.0,0.6114412890864254,0.6093383408744197,0.5963294782311597,0.6066421843130272,0.614514579148304,0.6075829965626603,0.6120855687614171,0.611501002762326,0.5950010766723284,0.6008262641030659
4,2,0.23048393491338226,0.92952,5000,1.350693936701174,0.9448441247002398,834,1.3646907177976906,0.9339,0.8018455202082614,0.08351914399343985,,,0.8289826620773729,,0.8289945283871292,0.17100547161287083,0.9698061213407664,0.39841737054953563,5,0.1,0.5,0.6025854084598219,0.6114412890864254,1.0,0.6115398878763169,0.5990833802749311,0.6049733563612651,0.6100717976499415,0.6095860542144402,0.6120401562351808,0.603088237676192,0.5993976331322768,0.606240808318602
4,3,0.221359029398626,0.93212,5000,1.3824426995383368,0.9292565947242206,834,1.3637278792195426,0.934,0.7984911535422419,0.08369268240530825,,,0.8766123572108258,,0.8766276793333668,0.12337232066663317,0.9706984919950828,0.3985226251087711,5,0.1,0.5,0.5970323931691836,0.6093383408744197,0.6115398878763169,1.0,0.6077890563732966,0.6037948446969229,0.6085133160461682,0.6005183465808124,0.6095950712848605,0.601839497677794,0.5887410423073284,0.5970957404112112
4,4,0.2335375559534047,0.9286,5000,1.362514685701441,0.9423769507803121,833,1.3714219061330484,0.934,0.7913926819041049,0.08294843861366219,,,0.6723457368158665,,0.6723558054314542,0.32764419456854577,0.9676555749893205,0.397146009298655,5,0.1,0.5,0.5923819397637932,0.5963294782311597,0.5990833802749311,0.6077890563732966,1.0,0.5951157439797523,0.6034386342075794,0.5970494773420698,0.6014415030405065,0.6032427191996862,0.5825815220772714,0.5929607511991802
4,5,0.2193533093223621,0.9338,5000,1.3916217795124761,0.9315726290516206,833,1.3705241866766835,0.9343,0.7937625771263032,0.08305779856744401,,,0.7023608856371348,,0.702379398624567,0.297620601375433,0.9681895248373138,0.39754160088944523,5,0.1,0.5,0.5911353442919527,0.6066421843130272,0.6049733563612651,0.6037948446969229,0.5951157439797523,1.0,0.6031427906909644,0.602652811587912,0.6017578961812977,0.5983514834450344,0.5894547299330618,0.5969906037323444
4,6,0.22374209233553735,0.93272,5000,1.3606812203371967,0.9243697478991597,833,1.3637258690386154,0.9341,0.8037689788350887,0.08396006969168675,,,0.949999999725538,,0.9500025099141609,0.04999749008583909,0.9708429994507605,0.39857518112711604,5,0.1,0.5,0.6019200388279973,0.614514579148304,0.6100717976499415,0.6085133160461682,0.6034386342075794,0.6031427906909644,1.0,0.6127265808329037,0.6126536738124254,0.613891966182089,0.6055039484720618,0.599479549092891
4,7,0.22404006647456223,0.93296,5000,1.3919268669905487,0.9315726290516206,833,1.3742034172478574,0.934,0.7980544986232636,0.08296456542250627,,,0.6767719326099222,,0.6767832940113448,0.32321670598865515,0.9647344155238754,0.3972106197550661,5,0.1,0.5,0.5956505616019404,0.6075829965626603,0.6095860542144402,0.6005183465808124,0.5970494773420698,0.602652811587912,0.6127265808329037,1.0,0.6104420318135673,0.6028380709698338,0.5969279700750534,0.600798702456213
4,8,0.21800095842273276,0.93432,5000,1.3890407350328233,0.9303721488595438,833,1.3637840980158065,0.9341,0.802996937803553,0.08387832291088884,,,0.9275636168773529,,0.9275789368003614,0.07242106319963859,0.9708125691389281,0.39856866610972563,5,0.1,0.5,0.5985103729136507,0.6120855687614171,0.6120401562351808,0.6095950712848605,0.6014415030405065,0.6017578961812977,0.6126536738124254,0.6104420318135673,1.0,0.6152967680942455,0.6003476799611368,0.6046344551630927
4,9,0.2492925889098981,0.9256,5000,1.3487159190354523,0.9399759903961584,833,1.3644537270640413,0.9341,0.7996590590385764,0.08355192671994027,,,0.837980273914703,,0.8379950805682446,0.16200491943175543,0.9703214594310295,0.39844368894656595,5,0.1,0.5,0.6023370928742829,0.611501002762326,0.603088237676192,0.601839497677794,0.6032427191996862,0.5983514834450344,0.613891966182089,0.6028380709698338,0.6152967680942455,1.0,0.5881478910183173,0.6076788776964132
4,10,0.24085606134075457,0.92744,5000,1.3660722396991871,0.9399759903961584,833,1.381683895001396,0.9334,0.786870792197854,0.08250267290371158,,,0.55,,0.5500125495708047,0.4499874504291953,0.9638995864173648,0.39434980773189665,5,0.1,0.5,0.5875980056171952,0.5950010766723284,0.5993976331322768,0.5887410423073284,0.5825815220772714,0.5894547299330618,0.6055039484720618,0.5969279700750534,0.6003476799611368,0.5881478910183173,1.0,0.5967652395446028
4,11,0.22791460834823216,0.92876,5000,1.3801070010220562,0.929171668667467,833,1.3782544657826044,0.9339,0.7951133703897477,0.08304278027357061,,,0.6982389350504413,,0.6982480799156668,0.30175192008433316,0.9676356654939339,0.3974932488350982,5,0.1,0.5,0.6039775707296883,0.6008262641030659,0.606240808318602,0.5970957404112112,0.5929607511991802,0.5969906037323444,0.599479549092891,0.600798702456213,0.6046344551630927,0.6076788776964132,0.5967652395446028,1.0
5,0,0.20597912006934357,0.93864,5000,1.089732633696662,0.947242206235012,834,1.1164899824526364,0.9423,0.7849872742976939,0.08322353043801096,,,0.7670455624219764,,0.76705988655188,0.23294011344812005,0.9684887085241871,0.39268440474815125,5,0.1,0.5,1.0,0.5854526006439246,0.5928395052887009,0.5885127246992441,0.5806995481403868,0.5761822568532966,0.5842724311553981,0.5753398903050029,0.5752639981635668,0.579997401996805,0.5726834450411327,0.5957679242577605
5,1,0.20856704983480606,0.93568,5000,1.108633112024378,0.9448441247002398,834,1.1153085109905694,0.942,0.7893678264359274,0.08365114073777595,,,0.8835267056052558,,0.8835399829325837,0.11646001706741627,0.9698659164770832,0.3930943621126415,5,0.1,0.5,0.5854526006439246,1.0,0.5864176783840188,0.5893811138959917,0.583203575172266,0.5850366932689867,0.5883067162296144,0.5849510809310204,0.5952621795339127,0.5880279611217679,0.5746707549953117,0.5854927061004176
5,2,0.20900809600071352,0.93724,5000,1.0985440015792847,0.9484412470023981,834,1.1161079941847074,0.9423,0.7906456574056276,0.08361165005628031,,,0.8727694349589988,,0.8727824908388133,0.12721750916118668,0.9696747285590709,0.3930788478463179,5,0.1,0.5,0.5928395052887009,0.5864176783840188,1.0,0.5945943625526835,0.5792453285524133,0.5877919668321429,0.5908838033620337,0.5896152007905172,0.5900409415954408,0.5852642510691419,0.5798480513938561,0.5824063588726497
5,3,0.20519077884564235,0.93788,5000,1.1380063383667558,0.9376498800959233,834,1.1152012776642943,0.9419,0.7907551136728546,0.0837314555326505,,,0.9054044740468956,,0.905426434415943,0.09457356558405705,0.9699369094817532,0.3931170705213321,5,0.1,0.5,0.5885127246992441,0.5893811138959917,0.5945943625526835,1.0,0.5943410457312335,0.5872269051634718,0.5907554969880088,0.5831745163610784,0.5885110854305178,0.5850985957929725,0.5763315831265164,0.581203901631821
5,4,0.2133892622989881,0.93564,5000,1.114269318404021,0.9483793517406963,833,1.1240849388293184,0.9429,0.7825154832977709,0.08294439211468353,,,0.6910082194830597,,0.6910295667888158,0.3089704332111842,0.9668805326583186,0.39197204789641665,5,0.1,0.5,0.5806995481403868,0.583203575172266,0.5792453285524133,0.5943410457312335,1.0,0.5786131239651111,0.585360675237872,0.5758137791759737,0.5848270051104041,0.5818383063283037,0.5654712329094023,0.5755289236025564
5,5,0.19590726565528116,0.9404,5000,1.1460088932955708,0.9447779111644657,833,1.122684209301068,0.943,0.7839736646566838,0.0830687459901573,,,0.7248822435241477,,0.7248933286481603,0.27510667135183975,0.967570991120927,0.3923495236415405,5,0.1,0.5,0.5761822568532966,0.5850366932689867,0.5877919668321429,0.5872269051634718,0.5786131239651111,1.0,0.5844942859868638,0.5846981247497621,0.583713273447659,0.5847757447161157,0.570014316290447,0.5756921079031315
5,6,0.2068193757876896,0.93852,5000,1.113052542562838,0.9315726290516206,833,1.1152455463957862,0.9419,0.7903299651342804,0.08389516877913279,,,0.9499999997275996,,0.9500025099141609,0.04999749008583909,0.9700838980260619,0.39313804169712213,5,0.1,0.5,0.5842724311553981,0.5883067162296144,0.5908838033620337,0.5907554969880088,0.585360675237872,0.5844942859868638,1.0,0.5852802199277513,0.5893595860603577,0.5886942484543716,0.5862371235561101,0.5802086284724033
5,7,0.20457544883440254,0.9398,5000,1.1440912661729035,0.9399759903961584,833,1.126576601506803,0.9429,0.7844381126470611,0.08302278238549458,,,0.7123617471308655,,0.7123788966417348,0.2876211033582652,0.9670532017460565,0.39222267653362247,5,0.1,0.5,0.5753398903050029,0.5849510809310204,0.5896152007905172,0.5831745163610784,0.5758137791759737,0.5846981247497621,0.5852802199277513,1.0,0.5852065731126651,0.5826178346117087,0.5768245371189703,0.5796353783916224
5,8,0.20122090143204968,0.94072,5000,1.1466035445531209,0.9387755102040817,833,1.1152803073295008,0.9419,0.7902441625943123,0.08383752914427382,,,0.9342989500458463,,0.9343105265799909,0.06568947342000908,0.9700643108554715,0.3931337744371698,5,0.1,0.5,0.5752639981635668,0.5952621795339127,0.5900409415954408,0.5885110854305178,0.5848270051104041,0.583713273447659,0.5893595860603577,0.5852065731126651,1.0,0.5933326437473715,0.582242186071558,0.5856234998452369
5,9,0.23229958197505327,0.93068,5000,1.094927982047752,0.9471788715486195,833,1.115926925366679,0.9422,0.7870123398317241,0.08350577945952092,,,0.8439302602552864,,0.8439435771296622,0.15605642287033783,0.9696203775718967,0.3930189665653072,5,0.1,0.5,0.579997401996805,0.5880279611217679,0.5852642510691419,0.5850985957929725,0.5818383063283037,0.5847757447161157,0.5886942484543716,0.5826178346117087,0.5933326437473715,1.0,0.5679894883028035,0.5867489169556745
5,10,0.223511750098306,0.93332,5000,1.1198526201424774,0.9495798319327731,833,1.1383308772081004,0.9416,0.776265553774894,0.0824267412284143,,,0.55,,0.5500125495708047,0.4499874504291953,0.9623443652737586,0.3888890871338252,5,0.1,0.5,0.5726834450411327,0.5746707549953117,0.5798480513938561,0.5763315831265164,0.5654712329094023,0.570014316290447,0.5862371235561101,0.5768245371189703,0.582242186071558,0.5679894883028035,1.0,0.5761073532662054
5,11,0.2079413239440768,0.93616,5000,1.1341325574451022,0.9327731092436975,833,1.130526664348456,0.9421,0.7846098491382879,0.08308108413360528,,,0.7282431566134008,,0.7282566136238141,0.2717433863761859,0.9676114691678709,0.39238200137197826,5,0.1,0.5,0.5957679242577605,0.5854927061004176,0.5824063588726497,0.581203901631821,0.5755289236025564,0.5756921079031315,0.5802086284724033,0.5796353783916224,0.5856234998452369,0.5867489169556745,0.5761073532662054,1.0
6,0,0.19298760554082928,0.94092,5000,0.8551496532228258,0.9556354916067147,834,0.8832381512410343,0.9481,0.7688128831162444,0.08320572450313075,,,0.7322836126236636,,0.7323025952512424,0.2676974047487576,0.9667922572268103,0.384415733800561,5,0.1,0.5,1.0,0.5619939969563745,0.5502110625866893,0.5606973521522711,0.5509360143030373,0.5476180897502324,0.5563181899646624,0.5443966294673324,0.5610625680835093,0.5601757366883179,0.5529106152557396,0.5610964059698658
6,1,0.19173730940136846,0.94208,5000,0.8722374262633147,0.9556354916067147,834,0.881559847261959,0.9485,0.7737356400883408,0.083667676304094,,,0.8744581606644275,,0.8744691531549621,0.1255308468450379,0.9683427056226436,0.3851108580046225,5,0.1,0.5,0.5619939969563745,1.0,0.5541249849195357,0.558855581728181,0.5581857587450892,0.5626178478438149,0.5634249712512155,0.5546805682592822,0.5647026814423992,0.5583017058011409,0.557888971024839,0.5559868208658879
6,2,0.19506268584092332,0.9398,5000,0.8623917500178019,0.9544364508393285,834,0.8826160349023228,0.9483,0.7651340115974731,0.08333656309515805,,,0.7725517047687377,,0.7725716580492947,0.22742834195070527,0.9674999058803001,0.3847289426941398,5,0.1,0.5,0.5502110625866893,0.5541249849195357,1.0,0.5607087792503785,0.5470167963675429,0.5500669457378377,0.5550524039402349,0.5502649506242498,0.5539730525570536,0.5428896319290573,0.5537513134732943,0.5533681302699506
6,3,0.1891267198117177,0.94164,5000,0.9065351243372317,0.9436450839328537,834,0.8815264334313024,0.9486,0.7759634370401526,0.08380058177364273,,,0.9153623741036573,,0.915380753978214,0.08461924602178605,0.968475326095602,0.3851549793770778,5,0.1,0.5,0.5606973521522711,0.558855581728181,0.5607087792503785,1.0,0.5711342269869569,0.5590067638961302,0.5555240717403961,0.5581132441072999,0.5706116804941489,0.5601074653191699,0.5523111228936278,0.5638775240727137
6,4,0.19750014205113242,0.94028,5000,0.8808284247363055,0.9555822328931572,833,0.8913031429909288,0.9483,0.7670761890804774,0.08295645634944518,,,0.6555665460004678,,0.6555845590080819,0.3444154409919181,0.9650974323120428,0.38342114028149604,5,0.1,0.5,0.5509360143030373,0.5581857587450892,0.5470167963675429,0.5711342269869569,1.0,0.5532949512249378,0.5556419523831065,0.5485487073387572,0.5552774886020322,0.5619535349372297,0.5418018202591043,0.5489625015419892
6,5,0.18248741390305173,0.94468,5000,0.9121821898001211,0.9531812725090036,833,0.8895742841802847,0.9482,0.7671168085566366,0.08304154860580962,,,0.6817553238451622,,0.681773003363285,0.31822699663671505,0.96559028946249,0.38383470794405733,5,0.1,0.5,0.5476180897502324,0.5626178478438149,0.5500669457378377,0.5590067638961302,0.5532949512249378,1.0,0.5613803471597357,0.5543775994976693,0.553360174788412,0.5507017841763256,0.5469427534119111,0.5532085894680526
6,6,0.19164473012765976,0.94312,5000,0.8803747208030136,0.9411764705882353,833,0.8815770613880584,0.9485,0.7739916432446804,0.08384090039386255,,,0.9277712046254283,,0.9277847497615581,0.07221525023844189,0.9685502354967698,0.38516175782517426,5,0.1,0.5,0.5563181899646624,0.5634249712512155,0.5550524039402349,0.5555240717403961,0.5556419523831065,0.5613803471597357,1.0,0.55618791447634,0.5687647841052005,0.5602965359852414,0.5635760913622886,0.5557122001335332
6,7,0.19466878296629447,0.94156,5000,0.9092275522373341,0.9471788715486195,833,0.8934791404218339,0.9478,0.7665068800963452,0.0829890334330197,,,0.665592769784064,,0.6656091561668591,0.3343908438331409,0.9652841105176562,0.3835895278336541,5,0.1,0.5,0.5443966294673324,0.5546805682592822,0.5502649506242498,0.5581132441072999,0.5485487073387572,0.5543775994976693,0.55618791447634,1.0,0.5582484320425277,0.5523092046558171,0.5567054574334904,0.553467240427922
6,8,0.18364181905320495,0.94312,5000,0.9187560986589502,0.9411764705882353,833,0.8816083702035605,0.9485,0.77712673195378,0.083913125922664,,,0.9499999996922308,,0.9500025099141609,0.04999749008583909,0.9685552239738705,0.38516900725769726,5,0.1,0.5,0.5610625680835093,0.5647026814423992,0.5539730525570536,0.5706116804941489,0.5552774886020322,0.553360174788412,0.5687647841052005,0.5582484320425277,1.0,0.5708441749782006,0.5636143075444491,0.5606063871905894
6,9,0.21383502671174753,0.93728,5000,0.8574412487171315,0.9459783913565426,833,0.8821691126107408,0.9484,0.7711502411699289,0.08347835223730295,,,0.8161900392432522,,0.8162090256513227,0.1837909743486773,0.9679178991314275,0.3849554608851414,5,0.1,0.5,0.5601757366883179,0.5583017058011409,0.5428896319290573,0.5601074653191699,0.5619535349372297,0.5507017841763256,0.5602965359852414,0.5523092046558171,0.5708441749782006,1.0,0.5516531457500068,0.5583248893788781
6,10,0.20500615581775167,0.93844,5000,0.8882249372976797,0.9543817527010804,833,0.9081534402439008,0.9477,0.7672237181557132,0.08261345082054838,,,0.55,,0.5500125495708047,0.4499874504291953,0.9602593998891984,0.38082826604177483,5,0.1,0.5,0.5529106152557396,0.557888971024839,0.5537513134732943,0.5523111228936278,0.5418018202591043,0.5469427534119111,0.5635760913622886,0.5567054574334904,0.5636143075444491,0.5516531457500068,1.0,0.555827736353246
6,11,0.19546227143917255,0.94004,5000,0.9017613750916941,0.936374549819928,833,0.8965422335905008,0.9476,0.7701315123605657,0.08315658656132222,,,0.7171604663263332,,0.7171778525174439,0.2828221474825561,0.9662812424652688,0.3842681532696811,5,0.1,0.5,0.5610964059698658,0.5559868208658879,0.5533681302699506,0.5638775240727137,0.5489625015419892,0.5532085894680526,0.5557122001335332,0.553467240427922,0.5606063871905894,0.5583248893788781,0.555827736353246,1.0
7,0,0.17739249085443937,0.94616,5000,0.6546346467954142,0.9544364508393285,834,0.6815840205826318,0.9525,0.7506360102603395,0.08313195869222531,,,0.701779687002511,,0.7018021183675518,0.2981978816324482,0.9623144497701985,0.3758653284565832,5,0.1,0.5,1.0,0.5224614100078445,0.5306525165657581,0.5327784738332212,0.5278514851947002,0.5195731736326402,0.5262881671682345,0.5224720195344641,0.5259035685277259,0.5261047549901993,0.5218275146586289,0.53533187198062
