round,client_id,client_i_training_loss,client_i_training_accuracy,client_i_training_dataset_size,client_i_evaluation_loss,client_i_evaluation_accuracy,client_i_evaluation_dataset_size,client_i_central_evaluation_loss,client_i_central_evaluation_accuracy,client_i_cosine_similarity,client_i_importance_coefficient,client_i_tanh_val,tanh_normalization_value,client_i_q,client_i_mask_order,client_i_v_nonzero_fraction,client_i_v_sparsity,client_i_v_cosine_similarity,client_i_reward_gradient_norm,local_epochs,learning_rate,gamma,client_0_cosine_similarity,client_1_cosine_similarity,client_2_cosine_similarity,client_3_cosine_similarity,client_4_cosine_similarity,client_5_cosine_similarity,client_6_cosine_similarity,client_7_cosine_similarity,client_8_cosine_similarity,client_9_cosine_similarity,client_10_cosine_similarity,client_11_cosine_similarity
0,0,2.159469024846508,0.35152,5000,2.251585086186727,0.2026378896882494,834,2.254550442528039,0.1878,0.9971396448332893,0.08334036622548091,,,0.98,,0.9800166246218381,0.01998337537816186,0,0.09970550356142341,5,0.001,0.1,1.0,0.9949082130719608,0.9958296747093179,0.9946968278595566,0.9941224709630784,0.9916255062030797,0.9919327805282536,0.9940329707442492,0.9911536250611144,0.9932132069077333,0.9948993021076724,0.9940282114202005
0,1,2.162992618493973,0.33932,5000,2.2524065441555448,0.18225419664268586,834,2.254550442528039,0.1878,0.9983488703604951,0.08344143260952121,,,0.98,,0.9800166246218381,0.01998337537816186,0,0.09970550356142341,5,0.001,0.1,0.9949082130719608,1.0,0.9957903623767561,0.9950308256129463,0.992661282557642,0.9949354544205932,0.9944402084564089,0.9952852742715788,0.9954132423646457,0.9951967015377898,0.9950623072125074,0.9961868971702968
0,2,2.1627129828094676,0.3304,5000,2.258668034164994,0.19544364508393286,834,2.254550442528039,0.1878,0.9978630872129975,0.0834008311294493,,,0.98,,0.9800166246218381,0.01998337537816186,0,0.09970550356142341,5,0.001,0.1,0.9958296747093179,0.9957903623767561,1.0,0.9960763020640745,0.993693116502125,0.9925108821610107,0.9924118844044163,0.9929629087415657,0.9936094225410711,0.9938635730812824,0.9963895377574495,0.9959608719264073
0,3,2.1629112269468367,0.31332,5000,2.2556867952700013,0.19904076738609114,834,2.254550442528039,0.1878,0.9975001341372737,0.08337049571714247,,,0.98,,0.9800166246218381,0.01998337537816186,0,0.09970550356142341,5,0.001,0.1,0.9946968278595566,0.9950308256129463,0.9960763020640745,1.0,0.9943911490684014,0.9918806901063721,0.9889435892907555,0.9934593580568866,0.9945580223266836,0.9917944116353603,0.9966574115385471,0.9972673359055402
0,4,2.1583080404123685,0.32188,5000,2.2574345182489464,0.18967587034813926,833,2.254550442528039,0.1878,0.9955989435902843,0.08321159528903142,,,0.98,,0.9800166246218381,0.01998337537816186,0,0.09970550356142341,5,0.001,0.1,0.9941224709630784,0.992661282557642,0.993693116502125,0.9943911490684014,1.0,0.9911729572167167,0.9902300262201921,0.992394002118483,0.9887266090386074,0.9876592895781448,0.995206024968635,0.9917518851035172
0,5,2.1596866782303827,0.35724,5000,2.258074654473199,0.15966386554621848,833,2.254550442528039,0.1878,0.9968136160135626,0.08331311692155756,,,0.98,,0.9800166246218381,0.01998337537816186,0,0.09970550356142341,5,0.001,0.1,0.9916255062030797,0.9949354544205932,0.9925108821610107,0.9918806901063721,0.9911729572167167,1.0,0.9952767342036447,0.9961596668898027,0.994328060758492,0.994511841207991,0.991103224858557,0.9930369446055674
0,6,2.1561224468194755,0.36048,5000,2.254646998864633,0.15846338535414164,833,2.254550442528039,0.1878,0.9956105104406243,0.08321256203982545,,,0.98,,0.9800166246218381,0.01998337537816186,0,0.09970550356142341,5,0.001,0.1,0.9919327805282536,0.9944402084564089,0.9924118844044163,0.9889435892907555,0.9902300262201921,0.9952767342036447,1.0,0.9943476680431375,0.9898182196096894,0.9938624446448943,0.9909503901163054,0.9899332614984171
0,7,2.1592561658020992,0.33668,5000,2.2491356884991682,0.19807923169267708,833,2.254550442528039,0.1878,0.9974946806154873,0.08337003991488323,,,0.98,,0.9800166246218381,0.01998337537816186,0,0.09970550356142341,5,0.001,0.1,0.9940329707442492,0.9952852742715788,0.9929629087415657,0.9934593580568866,0.992394002118483,0.9961596668898027,0.9943476680431375,1.0,0.9943812043000323,0.9948630491879908,0.9930295394355441,0.993775031562019
0,8,2.1609926633774097,0.359,5000,2.2528530138510243,0.18007202881152462,833,2.254550442528039,0.1878,0.9966458400489107,0.08329909430154603,,,0.98,,0.9800166246218381,0.01998337537816186,0,0.09970550356142341,5,0.001,0.1,0.9911536250611144,0.9954132423646457,0.9936094225410711,0.9945580223266836,0.9887266090386074,0.994328060758492,0.9898182196096894,0.9943812043000323,1.0,0.9933887751750246,0.9925673769933551,0.9965900219172769
0,9,2.1604495804780606,0.33836,5000,2.253056190632008,0.2028811524609844,833,2.254550442528039,0.1878,0.9965377767569947,0.08329006243286999,,,0.98,,0.9800166246218381,0.01998337537816186,0,0.09970550356142341,5,0.001,0.1,0.9932132069077333,0.9951967015377898,0.9938635730812824,0.9917944116353603,0.9876592895781448,0.994511841207991,0.9938624446448943,0.9948630491879908,0.9933887751750246,1.0,0.9916666138297215,0.9932217323790651
0,10,2.163835933254023,0.30928,5000,2.252700408299764,0.19327731092436976,833,2.254550442528039,0.1878,0.9973800677543301,0.08336046063692304,,,0.98,,0.9800166246218381,0.01998337537816186,0,0.09970550356142341,5,0.001,0.1,0.9948993021076724,0.9950623072125074,0.9963895377574495,0.9966574115385471,0.995206024968635,0.991103224858557,0.9909503901163054,0.9930295394355441,0.9925673769933551,0.9916666138297215,1.0,0.995787640643722
0,11,2.1626806544650132,0.34244,5000,2.253910638667919,0.19207683073229292,833,2.254550442528039,0.1878,0.9977328117698934,0.08338994278176927,,,0.98,,0.9800166246218381,0.01998337537816186,0,0.09970550356142341,5,0.001,0.1,0.9940282114202005,0.9961868971702968,0.9959608719264073,0.9972673359055402,0.9917518851035172,0.9930369446055674,0.9899332614984171,0.993775031562019,0.9965900219172769,0.9932217323790651,0.995787640643722,1.0
1,0,1.997291824164664,0.46328,5000,2.1900012581436723,0.3249400479616307,834,2.192183508278844,0.3082,0.9984644677700737,0.08333953495357989,,,0.98,,0.9800166246218381,0.01998337537816186,0.9719167205695859,0.09984057181389734,5,0.001,0.1,1.0,0.9971253525788667,0.9975027945612519,0.9964880491887552,0.9961338697877563,0.9957246738512663,0.9962312148631599,0.997134815962568,0.9955684710906879,0.9969649319596589,0.9973550151570048,0.996245234861257
1,1,2.004103356561843,0.47444,5000,2.1899241076575384,0.3273381294964029,834,2.192183508278844,0.3082,0.999029485210787,0.08341975473483412,,,0.98,,0.9800166246218381,0.01998337537816186,0.9719167205695859,0.09984057181389734,5,0.001,0.1,0.9971253525788667,1.0,0.9966427472840972,0.9980096208817665,0.9961236864219734,0.9973345200441227,0.9969730907839679,0.9977881352322188,0.997133435357924,0.9974495334446736,0.9968575038431655,0.9978038937501007
1,2,2.002475041948306,0.45464,5000,2.1963205249221236,0.3117505995203837,834,2.192183508278844,0.3082,0.9982962143795332,0.08337118608979147,,,0.98,,0.9800166246218381,0.01998337537816186,0.9719167205695859,0.09984057181389734,5,0.001,0.1,0.9975027945612519,0.9966427472840972,1.0,0.9961730022057509,0.996788208956093,0.9953396929602932,0.9953695182407883,0.9960263582725838,0.9958416351603548,0.9968050282459212,0.997824596333311,0.9961440200282689
1,3,2.0049826631120817,0.45412,5000,2.1918258048869945,0.2997601918465228,834,2.192183508278844,0.3082,0.9987876342362445,0.08336844397916277,,,0.98,,0.9800166246218381,0.01998337537816186,0.9719167205695859,0.09984057181389734,5,0.001,0.1,0.9964880491887552,0.9980096208817665,0.9961730022057509,1.0,0.995737328429729,0.9968821931355517,0.9954904512315411,0.997805373086788,0.9977428873443615,0.9969098184325288,0.996745678261029,0.9983584587348382
1,4,1.9959064608166932,0.46372,5000,2.195509945904767,0.3433373349339736,833,2.192183508278844,0.3082,0.9975912491080384,0.08323237636538486,,,0.98,,0.9800166246218381,0.01998337537816186,0.9719167205695859,0.09984057181389734,5,0.001,0.1,0.9961338697877563,0.9961236864219734,0.996788208956093,0.995737328429729,1.0,0.9953434145172003,0.995140813261292,0.9956545746478423,0.9944065749738381,0.9940055313610521,0.9979266448324375,0.9947578299636967
1,5,1.9950535674004037,0.47664,5000,2.1941470746640808,0.297719087635054,833,2.192183508278844,0.3082,0.9983114084196989,0.08331788300863074,,,0.98,,0.9800166246218381,0.01998337537816186,0.9719167205695859,0.09984057181389734,5,0.001,0.1,0.9957246738512663,0.9973345200441227,0.9953396929602932,0.9968821931355517,0.9953434145172003,1.0,0.9967329296816103,0.99754593952442,0.9968253631144498,0.9966601462171785,0.9954317000161135,0.9968227523987555
1,6,1.9886451200315147,0.46308,5000,2.190614762129607,0.28331332533013204,833,2.192183508278844,0.3082,0.9977840543365959,0.08323919261951818,,,0.98,,0.9800166246218381,0.01998337537816186,0.9719167205695859,0.09984057181389734,5,0.001,0.1,0.9962312148631599,0.9969730907839679,0.9953695182407883,0.9954904512315411,0.995140813261292,0.9967329296816103,1.0,0.9970749276660131,0.994245703022561,0.9963167249045791,0.9957024541978704,0.9950520875075447
1,7,1.9959426867734096,0.46072,5000,2.1850525714732982,0.31212484993997597,833,2.192183508278844,0.3082,0.9989037493711791,0.08337191240618531,,,0.98,,0.9800166246218381,0.01998337537816186,0.9719167205695859,0.09984057181389734,5,0.001,0.1,0.997134815962568,0.9977881352322188,0.9960263582725838,0.997805373086788,0.9956545746478423,0.99754593952442,0.9970749276660131,1.0,0.9972453749005601,0.9972916454492932,0.9968075352319679,0.9973626923469577
1,8,2.0002344552119067,0.458,5000,2.1925179163614907,0.2797118847539016,833,2.192183508278844,0.3082,0.9982312986753977,0.08330669741224925,,,0.98,,0.9800166246218381,0.01998337537816186,0.9719167205695859,0.09984057181389734,5,0.001,0.1,0.9955684710906879,0.997133435357924,0.9958416351603548,0.9977428873443615,0.9944065749738381,0.9968253631144498,0.994245703022561,0.9972453749005601,1.0,0.9965528818867224,0.9959123819674434,0.9982028583454975
1,9,1.999096816208712,0.45108,5000,2.186480133621781,0.3325330132052821,833,2.192183508278844,0.3082,0.9983881996613808,0.08330622278006061,,,0.98,,0.9800166246218381,0.01998337537816186,0.9719167205695859,0.09984057181389734,5,0.001,0.1,0.9969649319596589,0.9974495334446736,0.9968050282459212,0.9969098184325288,0.9940055313610521,0.9966601462171785,0.9963167249045791,0.9972916454492932,0.9965528818867224,1.0,0.995861103958274,0.9967428328095518
1,10,2.004600200531589,0.45328,5000,2.1882264702408403,0.30012004801920766,833,2.192183508278844,0.3082,0.9984970697990241,0.08335291081506599,,,0.98,,0.9800166246218381,0.01998337537816186,0.9719167205695859,0.09984057181389734,5,0.001,0.1,0.9973550151570048,0.9968575038431655,0.997824596333311,0.996745678261029,0.9979266448324375,0.9954317000161135,0.9957024541978704,0.9968075352319679,0.9959123819674434,0.995861103958274,1.0,0.9964411053989498
1,11,2.0024081072230246,0.46168,5000,2.194975155371207,0.2857142857142857,833,2.192183508278844,0.3082,0.9985867024806903,0.08337388483553676,,,0.98,,0.9800166246218381,0.01998337537816186,0.9719167205695859,0.09984057181389734,5,0.001,0.1,0.996245234861257,0.9978038937501007,0.9961440200282689,0.9983584587348382,0.9947578299636967,0.9968227523987555,0.9950520875075447,0.9973626923469577,0.9982028583454975,0.9967428328095518,0.9964411053989498,1.0
2,0,1.816223074068689,0.52524,5000,2.114344658675017,0.3908872901678657,834,2.1157343471393038,0.3788,0.9989637373618202,0.08333633215261534,,,0.98,,0.9800166246218381,0.01998337537816186,0.9907253237819981,0.09989884803767445,5,0.001,0.1,1.0,0.998081715337258,0.9981784583186218,0.9977282596438622,0.9975321416005317,0.9975205794256211,0.9975489778105241,0.9979150812993777,0.9972492437837973,0.9979332994959991,0.9982166093257128,0.9975366978291533
2,1,1.8240471877869526,0.53368,5000,2.1134820690861456,0.38489208633093525,834,2.1157343471393038,0.3788,0.9992163057999626,0.08339366893128244,,,0.98,,0.9800166246218381,0.01998337537816186,0.9907253237819981,0.09989884803767445,5,0.001,0.1,0.998081715337258,1.0,0.9982576856950859,0.998286169363994,0.9981025187086587,0.998069748392785,0.997507178075317,0.9980529729218764,0.9978800289405242,0.9977348031589445,0.9983642566465757,0.9981301211766717
2,2,1.820435015714852,0.51872,5000,2.119646778813115,0.37290167865707435,834,2.1157343471393038,0.3788,0.9991773265467255,0.08336263150583893,,,0.98,,0.9800166246218381,0.01998337537816186,0.9907253237819981,0.09989884803767445,5,0.001,0.1,0.9981784583186218,0.9982576856950859,1.0,0.9978696089334692,0.9977582259359281,0.9980583160933749,0.9977598539062886,0.997873247170022,0.9978317128423948,0.9982236253400556,0.9983399646298491,0.9978506397956246
2,3,1.8258788288019265,0.52832,5000,2.114184370747319,0.3645083932853717,834,2.1157343471393038,0.3788,0.9991483831744764,0.0833600161763346,,,0.98,,0.9800166246218381,0.01998337537816186,0.9907253237819981,0.09989884803767445,5,0.001,0.1,0.9977282596438622,0.998286169363994,0.9978696089334692,1.0,0.9979028355925476,0.9978518070785605,0.9968450032259536,0.9982088970476655,0.9984314946624508,0.9975709077076557,0.9983293771464274,0.9986286349959133
2,4,1.8137507245798778,0.53288,5000,2.119144633964256,0.41536614645858344,833,2.1157343471393038,0.3788,0.9988391795319257,0.08326660901755335,,,0.98,,0.9800166246218381,0.01998337537816186,0.9907253237819981,0.09989884803767445,5,0.001,0.1,0.9975321416005317,0.9981025187086587,0.9977582259359281,0.9979028355925476,1.0,0.9979574451165777,0.9974854071052627,0.9977821935856337,0.9971759954423522,0.9967338284398868,0.9983391393087404,0.99718122154403
2,5,1.8112680819383853,0.5468,5000,2.1161338929776794,0.37815126050420167,833,2.1157343471393038,0.3788,0.9989946176442278,0.08332405293661688,,,0.98,,0.9800166246218381,0.01998337537816186,0.9907253237819981,0.09989884803767445,5,0.001,0.1,0.9975205794256211,0.998069748392785,0.9980583160933749,0.9978518070785605,0.9979574451165777,1.0,0.9972760315018473,0.9980512423778903,0.9978249229742304,0.9975803869608934,0.997869126649895,0.9977524950579971
2,6,1.804230785977309,0.52592,5000,2.1127690032676414,0.3637454981992797,833,2.1157343471393038,0.3788,0.9984846750189363,0.08325934824970306,,,0.98,,0.9800166246218381,0.01998337537816186,0.9907253237819981,0.09989884803767445,5,0.001,0.1,0.9975489778105241,0.997507178075317,0.9977598539062886,0.9968450032259536,0.9974854071052627,0.9972760315018473,1.0,0.9974296291473592,0.996117481362587,0.9973806901558121,0.9977962499801489,0.9965558941624534
2,7,1.8127533672721523,0.53352,5000,2.106773817980731,0.39615846338535415,833,2.1157343471393038,0.3788,0.9991219646747886,0.08336129027557974,,,0.98,,0.9800166246218381,0.01998337537816186,0.9907253237819981,0.09989884803767445,5,0.001,0.1,0.9979150812993777,0.9980529729218764,0.997873247170022,0.9982088970476655,0.9977821935856337,0.9980512423778903,0.9974296291473592,1.0,0.9979268727422083,0.9978150167640408,0.9983473856942167,0.9979347092727469
2,8,1.8197517173305437,0.52296,5000,2.1184089801929615,0.35294117647058826,833,2.1157343471393038,0.3788,0.9988567186768492,0.08331274446753073,,,0.98,,0.9800166246218381,0.01998337537816186,0.9907253237819981,0.09989884803767445,5,0.001,0.1,0.9972492437837973,0.9978800289405242,0.9978317128423948,0.9984314946624508,0.9971759954423522,0.9978249229742304,0.996117481362587,0.9979268727422083,1.0,0.99734414675428,0.9980161269686337,0.9983587244508382
2,9,1.8181354272137782,0.52244,5000,2.105381409327189,0.39615846338535415,833,2.1157343471393038,0.3788,0.9987981093417909,0.08331056208583087,,,0.98,,0.9800166246218381,0.01998337537816186,0.9907253237819981,0.09989884803767445,5,0.001,0.1,0.9979332994959991,0.9977348031589445,0.9982236253400556,0.9975709077076557,0.9967338284398868,0.9975803869608934,0.9973806901558121,0.9978150167640408,0.99734414675428,1.0,0.9978682497412645,0.9972709566623152
2,10,1.8243476829711038,0.53024,5000,2.1096138336040355,0.3709483793517407,833,2.1157343471393038,0.3788,0.9993100013475572,0.08335570765264683,,,0.98,,0.9800166246218381,0.01998337537816186,0.9907253237819981,0.09989884803767445,5,0.001,0.1,0.9982166093257128,0.9983642566465757,0.9983399646298491,0.9983293771464274,0.9983391393087404,0.997869126649895,0.9977962499801489,0.9983473856942167,0.9980161269686337,0.9978682497412645,1.0,0.9981057068040214
2,11,1.8200680810175125,0.52844,5000,2.122613041489213,0.3589435774309724,833,2.1157343471393038,0.3788,0.9989526746011567,0.08335703654846717,,,0.98,,0.9800166246218381,0.01998337537816186,0.9907253237819981,0.09989884803767445,5,0.001,0.1,0.9975366978291533,0.9981301211766717,0.9978506397956246,0.9986286349959133,0.99718122154403,0.9977524950579971,0.9965558941624534,0.9979347092727469,0.9983587244508382,0.9972709566623152,0.9981057068040214,1.0
3,0,1.6496659768614799,0.57028,5000,2.0239464309480457,0.473621103117506,834,2.0245771015794896,0.4687,0.9989194289634068,0.0833326906167162,,,0.98,,0.9800166246218381,0.01998337537816186,0.9959426726022522,0.09989963556712013,5,0.001,0.1,1.0,0.9978325693791837,0.9979673517615181,0.9979152848325306,0.9976395710547978,0.9974364716277576,0.9975562770564227,0.9979681004798968,0.9972841939683293,0.9979375571196736,0.9980959696608492,0.9973688303339263
3,1,1.6572336537063501,0.57612,5000,2.022566411230299,0.4712230215827338,834,2.0245771015794896,0.4687,0.9991510745415515,0.08337532151428505,,,0.98,,0.9800166246218381,0.01998337537816186,0.9959426726022522,0.09989963556712013,5,0.001,0.1,0.9978325693791837,1.0,0.997975089226887,0.9983657944507913,0.9979242588911152,0.9981234882350235,0.9975417459035721,0.9980290108672082,0.9979274431827803,0.9978463682648667,0.9981530453069026,0.9980588763131959
3,2,1.6524443754724636,0.57012,5000,2.0282885939986617,0.4448441247002398,834,2.0245771015794896,0.4687,0.9990851911133771,0.08335416508453464,,,0.98,,0.9800166246218381,0.01998337537816186,0.9959426726022522,0.09989963556712013,5,0.001,0.1,0.9979673517615181,0.997975089226887,1.0,0.9979280514072262,0.997778604820937,0.9979354477484838,0.997799786831275,0.9977103437798138,0.9978557457231132,0.9980439741768566,0.998235039955813,0.9977596344624893
3,3,1.6591079418826256,0.57788,5000,2.022261173636825,0.44844124700239807,834,2.0245771015794896,0.4687,0.9992324343117818,0.08335731314432317,,,0.98,,0.9800166246218381,0.01998337537816186,0.9959426726022522,0.09989963556712013,5,0.001,0.1,0.9979152848325306,0.9983657944507913,0.9979280514072262,1.0,0.9980252207173199,0.9979663744419355,0.9972222924435666,0.9983394332205242,0.9983350312286204,0.9975863584760956,0.9983999596826346,0.9986693656299702
3,4,1.6459978150713974,0.5826,5000,2.027476778736821,0.49939975990396157,833,2.0245771015794896,0.4687,0.9988973791587498,0.08328922891255534,,,0.98,,0.9800166246218381,0.01998337537816186,0.9959426726022522,0.09989963556712013,5,0.001,0.1,0.9976395710547978,0.9979242588911152,0.997778604820937,0.9980252207173199,1.0,0.9978625799896464,0.9975665240749055,0.9978678649174714,0.9974365258927004,0.9969352525382267,0.9984069671015291,0.9972962061895458
3,5,1.6417278629199714,0.58668,5000,2.023166047202216,0.47058823529411764,833,2.0245771015794896,0.4687,0.9989947950177226,0.083327593828458,,,0.98,,0.9800166246218381,0.01998337537816186,0.9959426726022522,0.09989963556712013,5,0.001,0.1,0.9974364716277576,0.9981234882350235,0.9979354477484838,0.9979663744419355,0.9978625799896464,1.0,0.9972567776387237,0.9979244594486941,0.9979335496853553,0.9977923919776401,0.9978847740093443,0.997789495104608
3,6,1.6346409420298922,0.57004,5000,2.0202766082904957,0.45018007202881155,833,2.0245771015794896,0.4687,0.9985613014769106,0.08327393160566325,,,0.98,,0.9800166246218381,0.01998337537816186,0.9959426726022522,0.09989963556712013,5,0.001,0.1,0.9975562770564227,0.9975417459035721,0.997799786831275,0.9972222924435666,0.9975665240749055,0.9972567776387237,1.0,0.9972998112267809,0.9965628680545776,0.997406374002286,0.9979771263625643,0.9965222212175058
3,7,1.643835596749737,0.57732,5000,2.014188850367511,0.5018007202881153,833,2.0245771015794896,0.4687,0.9991052612648459,0.08335399039655335,,,0.98,,0.9800166246218381,0.01998337537816186,0.9959426726022522,0.09989963556712013,5,0.001,0.1,0.9979681004798968,0.9980290108672082,0.9977103437798138,0.9983394332205242,0.9978678649174714,0.9979244594486941,0.9972998112267809,1.0,0.9980683377922006,0.9978031586346902,0.9983613508209802,0.997857216022007
3,8,1.6514354320848064,0.57136,5000,2.0299648267251476,0.45738295318127253,833,2.0245771015794896,0.4687,0.9989509114888546,0.08331924398949024,,,0.98,,0.9800166246218381,0.01998337537816186,0.9959426726022522,0.09989963556712013,5,0.001,0.1,0.9972841939683293,0.9979274431827803,0.9978557457231132,0.9983350312286204,0.9974365258927004,0.9979335496853553,0.9965628680545776,0.9980683377922006,1.0,0.9976430303884357,0.9980291847916265,0.9983029316793909
3,9,1.6517998358246626,0.56508,5000,2.009305468312016,0.48619447779111646,833,2.0245771015794896,0.4687,0.9988479578289727,0.08331458350421148,,,0.98,,0.9800166246218381,0.01998337537816186,0.9959426726022522,0.09989963556712013,5,0.001,0.1,0.9979375571196736,0.9978463682648667,0.9980439741768566,0.9975863584760956,0.9969352525382267,0.9977923919776401,0.997406374002286,0.9978031586346902,0.9976430303884357,1.0,0.9977929373354372,0.9973582593577337
3,10,1.6574452412356238,0.58136,5000,2.0161302045539573,0.4525810324129652,833,2.0245771015794896,0.4687,0.9992865604877709,0.08335641809418853,,,0.98,,0.9800166246218381,0.01998337537816186,0.9959426726022522,0.09989963556712013,5,0.001,0.1,0.9980959696608492,0.9981530453069026,0.998235039955813,0.9983999596826346,0.9984069671015291,0.9978847740093443,0.9979771263625643,0.9983613508209802,0.9980291847916265,0.9977929373354372,1.0,0.9980669072310187
3,11,1.65113194732909,0.58152,5000,2.0359012639081038,0.468187274909964,833,2.0245771015794896,0.4687,0.9989235803932986,0.08334551930902062,,,0.98,,0.9800166246218381,0.01998337537816186,0.9959426726022522,0.09989963556712013,5,0.001,0.1,0.9973688303339263,0.9980588763131959,0.9977596344624893,0.9986693656299702,0.9972962061895458,0.997789495104608,0.9965222212175058,0.997857216022007,0.9983029316793909,0.9973582593577337,0.9980669072310187,1.0
4,0,1.5083349328132192,0.60412,5000,1.9197780158784654,0.5443645083932853,834,1.9196165487789119,0.5376,0.9989232076128378,0.08333252536399642,,,0.98,,0.9800166246218381,0.01998337537816186,0.9975289526561301,0.09989359445015768,5,0.001,0.1,1.0,0.9977956364404786,0.9976535804232087,0.9978407260063078,0.9975978804879423,0.9974966186439543,0.997484984593599,0.9977164662639775,0.997456870533713,0.9979526602375878,0.9979920998930719,0.997337361793513
4,1,1.5135153473562495,0.60756,5000,1.9181575819298073,0.5407673860911271,834,1.9196165487789119,0.5376,0.9990711305086719,0.0833634384167499,,,0.98,,0.9800166246218381,0.01998337537816186,0.9975289526561301,0.09989359445015768,5,0.001,0.1,0.9977956364404786,1.0,0.9978735964073627,0.9982206553428331,0.9978323673419005,0.9979305759060191,0.9974109878985324,0.9978054837267853,0.997830890491785,0.9976589019680625,0.9979026781275171,0.9978350341440237
4,2,1.5096708073737515,0.607,5000,1.9231655288625646,0.5143884892086331,834,1.9196165487789119,0.5376,0.9990407576146538,0.08334948605553881,,,0.98,,0.9800166246218381,0.01998337537816186,0.9975289526561301,0.09989359445015768,5,0.001,0.1,0.9976535804232087,0.9978735964073627,1.0,0.9978165389329661,0.9976276591055181,0.9979513293237082,0.9977344933707655,0.9975597933239904,0.9979297400484684,0.9979345675181002,0.9979900282622955,0.997662313551158
4,3,1.514554125791902,0.61364,5000,1.9166087132913094,0.5299760191846523,834,1.9196165487789119,0.5376,0.9991416702742233,0.08335467289486394,,,0.98,,0.9800166246218381,0.01998337537816186,0.9975289526561301,0.09989359445015768,5,0.001,0.1,0.9978407260063078,0.9982206553428331,0.9978165389329661,1.0,0.997967131885304,0.9978087124091142,0.9971026409942528,0.9981627064475294,0.9981100191364561,0.9973515683483015,0.9980757551655444,0.9984859184643353
4,4,1.50308832302215,0.61592,5000,1.9210807394098353,0.5654261704681873,833,1.9196165487789119,0.5376,0.9988587742488667,0.08330379721777982,,,0.98,,0.9800166246218381,0.01998337537816186,0.9975289526561301,0.09989359445015768,5,0.001,0.1,0.9975978804879423,0.9978323673419005,0.9976276591055181,0.997967131885304,1.0,0.9976817002490527,0.9973891488971863,0.9976692051225714,0.9975478249272697,0.9969296461189572,0.9980048290261762,0.9973060611425169
4,5,1.4967982144872094,0.61444,5000,1.9161988585083574,0.5366146458583433,833,1.9196165487789119,0.5376,0.9989638859524197,0.08333071298409066,,,0.98,,0.9800166246218381,0.01998337537816186,0.9975289526561301,0.09989359445015768,5,0.001,0.1,0.9974966186439543,0.9979305759060191,0.9979513293237082,0.9978087124091142,0.9976817002490527,1.0,0.9971326620843598,0.9976854770147973,0.9979829086818824,0.997847626018018,0.9976263413495415,0.9976684936379643
4,6,1.4913419670360104,0.6028,5000,1.9139687838377777,0.4957983193277311,833,1.9196165487789119,0.5376,0.998525931763383,0.08328367630770528,,,0.98,,0.9800166246218381,0.01998337537816186,0.9975289526561301,0.09989359445015768,5,0.001,0.1,0.997484984593599,0.9974109878985324,0.9977344933707655,0.9971026409942528,0.9973891488971863,0.9971326620843598,1.0,0.9968667034692983,0.9966182611035668,0.997512120012754,0.9978740381058604,0.9964387639205436
4,7,1.4997197102589213,0.60796,5000,1.908103594073543,0.5618247298919568,833,1.9196165487789119,0.5376,0.9989640946929043,0.08334690492817705,,,0.98,,0.9800166246218381,0.01998337537816186,0.9975289526561301,0.09989359445015768,5,0.001,0.1,0.9977164662639775,0.9978054837267853,0.9975597933239904,0.9981627064475294,0.9976692051225714,0.9976854770147973,0.9968667034692983,1.0,0.9980699585899854,0.9975370174242837,0.9980415680236631,0.9976995243257487
4,8,1.507521740873908,0.60536,5000,1.9282410983686094,0.5426170468187275,833,1.9196165487789119,0.5376,0.9989702099723323,0.08332579731693639,,,0.98,,0.9800166246218381,0.01998337537816186,0.9975289526561301,0.09989359445015768,5,0.001,0.1,0.997456870533713,0.997830890491785,0.9979297400484684,0.9981100191364561,0.9975478249272697,0.9979829086818824,0.9966182611035668,0.9980699585899854,1.0,0.9975046985463232,0.9978764232175383,0.9979601060780491
4,9,1.5092415567416295,0.60356,5000,1.8989988256383825,0.5582232893157263,833,1.9196165487789119,0.5376,0.9988157416429486,0.08331795481113916,,,0.98,,0.9800166246218381,0.01998337537816186,0.9975289526561301,0.09989359445015768,5,0.001,0.1,0.9979526602375878,0.9976589019680625,0.9979345675181002,0.9973515683483015,0.9969296461189572,0.997847626018018,0.997512120012754,0.9975370174242837,0.9975046985463232,1.0,0.9977054244499814,0.9971028753780663
4,10,1.5137713770198216,0.61224,5000,1.9086543321609497,0.5186074429771909,833,1.9196165487789119,0.5376,0.9991283036982885,0.08335369273219216,,,0.98,,0.9800166246218381,0.01998337537816186,0.9975289526561301,0.09989359445015768,5,0.001,0.1,0.9979920998930719,0.9979026781275171,0.9979900282622955,0.9980757551655444,0.9980048290261762,0.9976263413495415,0.9978740381058604,0.9980415680236631,0.9978764232175383,0.9977054244499814,1.0,0.9976938411079957
4,11,1.5060708683007842,0.61576,5000,1.936016250539709,0.5426170468187275,833,1.9196165487789119,0.5376,0.9988286847871309,0.0833373409708304,,,0.98,,0.9800166246218381,0.01998337537816186,0.9975289526561301,0.09989359445015768,5,0.001,0.1,0.997337361793513,0.9978350341440237,0.997662313551158,0.9984859184643353,0.9973060611425169,0.9976684936379643,0.9964387639205436,0.9976995243257487,0.9979601060780491,0.9971028753780663,0.9976938411079957,1.0
5,0,1.3903668359586387,0.62644,5000,1.8042249370504309,0.5983213429256595,834,1.8031008293072637,0.5905,0.9987292964437572,0.08333194159520263,,,0.98,,0.9800166246218381,0.01998337537816186,0.9981907833801662,0.09987569013950989,5,0.001,0.1,1.0,0.9972912529879581,0.9973116784508277,0.9975934473754297,0.9971735282451312,0.997043313462788,0.9968020896974339,0.9973881873372265,0.997124622732676,0.9976539767208795,0.9975666629064174,0.9969065281596745
5,1,1.3934837354975902,0.62804,5000,1.802513458110668,0.5899280575539568,834,1.8031008293072637,0.5905,0.9988075103080662,0.0833534216676484,,,0.98,,0.9800166246218381,0.01998337537816186,0.9981907833801662,0.09987569013950989,5,0.001,0.1,0.9972912529879581,1.0,0.9974165614374332,0.997829540534729,0.9974527179192916,0.9974528558036357,0.997060956809553,0.9973652775659911,0.9971241189840335,0.997181095191802,0.9972119496912129,0.9974055207435663
5,2,1.3893635443821075,0.63476,5000,1.8064854321656403,0.5623501199040767,834,1.8031008293072637,0.5905,0.9988834663876173,0.08334731747963112,,,0.98,,0.9800166246218381,0.01998337537816186,0.9981907833801662,0.09987569013950989,5,0.001,0.1,0.9973116784508277,0.9974165614374332,1.0,0.9974051662655162,0.9972675160394034,0.9976691690259966,0.9974704286297086,0.9971744582498161,0.9974645903421395,0.9976639091478717,0.9977676504336439,0.9970918166830232
5,3,1.3929019075290412,0.6418,5000,1.799735426902771,0.5755395683453237,834,1.8031008293072637,0.5905,0.9989942286380504,0.08335407273619541,,,0.98,,0.9800166246218381,0.01998337537816186,0.9981907833801662,0.09987569013950989,5,0.001,0.1,0.9975934473754297,0.997829540534729,0.9974051662655162,1.0,0.997659464647448,0.9973245550763714,0.9969979806901248,0.9977002680883478,0.9976457203488942,0.9972871373216151,0.9975677964426363,0.9980187664052929
5,4,1.3819594430316027,0.63948,5000,1.801760779486762,0.6218487394957983,833,1.8031008293072637,0.5905,0.9987256512628153,0.08331420790293462,,,0.98,,0.9800166246218381,0.01998337537816186,0.9981907833801662,0.09987569013950989,5,0.001,0.1,0.9971735282451312,0.9974527179192916,0.9972675160394034,0.997659464647448,1.0,0.9973437124461074,0.99734594778663,0.9975121407181521,0.9970715034767436,0.9966084889190243,0.9975473642024882,0.9968302477777679
5,5,1.3750679983454905,0.64204,5000,1.7972219343538638,0.602641056422569,833,1.8031008293072637,0.5905,0.9987674637625912,0.08333206204349723,,,0.98,,0.9800166246218381,0.01998337537816186,0.9981907833801662,0.09987569013950989,5,0.001,0.1,0.997043313462788,0.9974528558036357,0.9976691690259966,0.9973245550763714,0.9973437124461074,1.0,0.9966908686246753,0.9974212292948107,0.9975733298747417,0.9975256404374689,0.9971192802377258,0.9971488813957301
5,6,1.371929055869959,0.63116,5000,1.7964775915499087,0.5558223289315727,833,1.8031008293072637,0.5905,0.9984093992144477,0.08329166320622355,,,0.98,,0.9800166246218381,0.01998337537816186,0.9981907833801662,0.09987569013950989,5,0.001,0.1,0.9968020896974339,0.997060956809553,0.9974704286297086,0.9969979806901248,0.99734594778663,0.9966908686246753,1.0,0.9967319931484606,0.9962963664521088,0.9971325557406935,0.9973159915980699,0.9961782752644318
5,7,1.3764453752025678,0.63456,5000,1.7906994333973638,0.6062424969987995,833,1.8031008293072637,0.5905,0.998815000696111,0.08334352510300634,,,0.98,,0.9800166246218381,0.01998337537816186,0.9981907833801662,0.09987569013950989,5,0.001,0.1,0.9973881873372265,0.9973652775659911,0.9971744582498161,0.9977002680883478,0.9975121407181521,0.9974212292948107,0.9967319931484606,1.0,0.9974606288209511,0.997215755137823,0.9975768182217459,0.9973352428305471
5,8,1.3869654316811044,0.63508,5000,1.8151811626222398,0.5966386554621849,833,1.8031008293072637,0.5905,0.9987519645796725,0.08332854755065366,,,0.98,,0.9800166246218381,0.01998337537816186,0.9981907833801662,0.09987569013950989,5,0.001,0.1,0.997124622732676,0.9971241189840335,0.9974645903421395,0.9976457203488942,0.9970715034767436,0.9975733298747417,0.9962963664521088,0.9974606288209511,1.0,0.9972920918318186,0.9975944146209148,0.9974793959132222
5,9,1.3894314902603246,0.62884,5000,1.77674314710829,0.6050420168067226,833,1.8031008293072637,0.5905,0.9986995534659916,0.08332204704484537,,,0.98,,0.9800166246218381,0.01998337537816186,0.9981907833801662,0.09987569013950989,5,0.001,0.1,0.9976539767208795,0.997181095191802,0.9976639091478717,0.9972871373216151,0.9966084889190243,0.9975256404374689,0.9971325557406935,0.997215755137823,0.9972920918318186,1.0,0.997317779392253,0.9966209760709878
5,10,1.3924517076486236,0.635,5000,1.7896173706761114,0.5822328931572629,833,1.8031008293072637,0.5905,0.9988995554440872,0.08335041625807396,,,0.98,,0.9800166246218381,0.01998337537816186,0.9981907833801662,0.09987569013950989,5,0.001,0.1,0.9975666629064174,0.9972119496912129,0.9977676504336439,0.9975677964426363,0.9975473642024882,0.9971192802377258,0.9973159915980699,0.9975768182217459,0.9975944146209148,0.997317779392253,1.0,0.9973098493700987
5,11,1.3838810746836814,0.6434,5000,1.8247251113255818,0.5894357743097239,833,1.8031008293072637,0.5905,0.9986017276013499,0.08333077741208764,,,0.98,,0.9800166246218381,0.01998337537816186,0.9981907833801662,0.09987569013950989,5,0.001,0.1,0.9969065281596745,0.9974055207435663,0.9970918166830232,0.9980187664052929,0.9968302477777679,0.9971488813957301,0.9961782752644318,0.9973352428305471,0.9974793959132222,0.9966209760709878,0.9973098493700987,1.0
6,0,1.2896539137621594,0.64764,5000,1.6808501084645588,0.6414868105515588,834,1.678636330766038,0.6357,0.9985078840608052,0.08333184264645738,,,0.98,,0.9800166246218381,0.01998337537816186,0.9984290364439408,0.09985275177177422,5,0.001,0.1,1.0,0.9966279824475394,0.9966612465346251,0.9971425392121052,0.9967556356670347,0.9965268387326814,0.9965066217536888,0.996974261209587,0.9967399057665973,0.9969722540322087,0.9972412240880913,0.9963040712917842
6,1,1.2927254054956376,0.64464,5000,1.6794112081880923,0.63189448441247,834,1.678636330766038,0.6357,0.998510254505698,0.0833450918695252,,,0.98,,0.9800166246218381,0.01998337537816186,0.9984290364439408,0.09985275177177422,5,0.001,0.1,0.9966279824475394,1.0,0.9969440801984858,0.9973372190675142,0.9967572121565063,0.9969742743611351,0.9966134085121203,0.9967013942919496,0.9967909455239876,0.9963865827780999,0.9968025026755513,0.9965445316750209
6,2,1.28680498319067,0.64956,5000,1.6818726195229425,0.6115107913669064,834,1.678636330766038,0.6357,0.9986969401535546,0.08334737401138083,,,0.98,,0.9800166246218381,0.01998337537816186,0.9984290364439408,0.09985275177177422,5,0.001,0.1,0.9966612465346251,0.9969440801984858,1.0,0.9971245020932453,0.9964661161593076,0.9973116803091036,0.9971839397302228,0.9966922726501647,0.9973361772890817,0.9971319544840742,0.9974037081910638,0.9964618948086912
6,3,1.290110946612753,0.65976,5000,1.675081107351515,0.6139088729016786,834,1.678636330766038,0.6357,0.9988232908907654,0.0833555948456274,,,0.98,,0.9800166246218381,0.01998337537816186,0.9984290364439408,0.09985275177177422,5,0.001,0.1,0.9971425392121052,0.9973372190675142,0.9971245020932453,1.0,0.9967521836283549,0.9971143937766485,0.9967692475357326,0.997233108961343,0.9973820133199865,0.9966062731154532,0.9972800841409382,0.9974894408101337
6,4,1.2792682886882951,0.6594,5000,1.6732646182731346,0.6662665066026411,833,1.678636330766038,0.6357,0.9982592461988706,0.08331294226077135,,,0.98,,0.9800166246218381,0.01998337537816186,0.9984290364439408,0.09985275177177422,5,0.001,0.1,0.9967556356670347,0.9967572121565063,0.9964661161593076,0.9967521836283549,1.0,0.9964522788229416,0.9966662743013383,0.9965897202553586,0.9965866457591741,0.9955239047461365,0.9970036469748533,0.9959204476212484
6,5,1.272077015858547,0.66112,5000,1.6701737686439797,0.6554621848739496,833,1.678636330766038,0.6357,0.9985783607330876,0.08333419124923609,,,0.98,,0.9800166246218381,0.01998337537816186,0.9984290364439408,0.09985275177177422,5,0.001,0.1,0.9965268387326814,0.9969742743611351,0.9973116803091036,0.9971143937766485,0.9964522788229416,1.0,0.9962803510511343,0.9968221419300578,0.9973357239391595,0.9971140413174907,0.9965960081727883,0.9967691682472327
6,6,1.2705066579921989,0.65252,5000,1.6712509791056316,0.6134453781512605,833,1.678636330766038,0.6357,0.9983130832503819,0.08330085433298402,,,0.98,,0.9800166246218381,0.01998337537816186,0.9984290364439408,0.09985275177177422,5,0.001,0.1,0.9965066217536888,0.9966134085121203,0.9971839397302228,0.9967692475357326,0.9966662743013383,0.9962803510511343,1.0,0.996170559378169,0.9963380709472697,0.9969067777953808,0.9972016153334262,0.9954832689323453
6,7,1.2748282338403591,0.6538,5000,1.6655560378675107,0.6326530612244898,833,1.678636330766038,0.6357,0.9985375525037922,0.08333990385680114,,,0.98,,0.9800166246218381,0.01998337537816186,0.9984290364439408,0.09985275177177422,5,0.001,0.1,0.996974261209587,0.9967013942919496,0.9966922726501647,0.997233108961343,0.9965897202553586,0.9968221419300578,0.996170559378169,1.0,0.9972542688626077,0.9964943664799499,0.9973065720436645,0.9965687031511544
6,8,1.2837127078870298,0.65272,5000,1.6943558896029438,0.6422569027611045,833,1.678636330766038,0.6357,0.9987202704925218,0.08333661632158346,,,0.98,,0.9800166246218381,0.01998337537816186,0.9984290364439408,0.09985275177177422,5,0.001,0.1,0.9967399057665973,0.9967909455239876,0.9973361772890817,0.9973820133199865,0.9965866457591741,0.9973357239391595,0.9963380709472697,0.9972542688626077,1.0,0.9969303999862587,0.9972635293761015,0.9970395728512518
6,9,1.2876879399749124,0.6452,5000,1.6462850394072357,0.6506602641056423,833,1.678636330766038,0.6357,0.9983835889521633,0.08332176298007367,,,0.98,,0.9800166246218381,0.01998337537816186,0.9984290364439408,0.09985275177177422,5,0.001,0.1,0.9969722540322087,0.9963865827780999,0.9971319544840742,0.9966062731154532,0.9955239047461365,0.9971140413174907,0.9969067777953808,0.9964943664799499,0.9969303999862587,1.0,0.9968075394699606,0.9960896926378401
6,10,1.2915119062563416,0.65448,5000,1.6626403949878834,0.6350540216086434,833,1.678636330766038,0.6357,0.9987607145398131,0.08335133275724298,,,0.98,,0.9800166246218381,0.01998337537816186,0.9984290364439408,0.09985275177177422,5,0.001,0.1,0.9972412240880913,0.9968025026755513,0.9974037081910638,0.9972800841409382,0.9970036469748533,0.9965960081727883,0.9972016153334262,0.9973065720436645,0.9972635293761015,0.9968075394699606,1.0,0.996575217984564
6,11,1.2803163617279878,0.65804,5000,1.7056104121384796,0.6338535414165666,833,1.678636330766038,0.6357,0.9982403256140715,0.08332249286831665,,,0.98,,0.9800166246218381,0.01998337537816186,0.9984290364439408,0.09985275177177422,5,0.001,0.1,0.9963040712917842,0.9965445316750209,0.9964618948086912,0.9974894408101337,0.9959204476212484,0.9967691682472327,0.9954832689323453,0.9965687031511544,0.9970395728512518,0.9960896926378401,0.996575217984564,1.0
7,0,1.2050236135531383,0.66128,5000,1.554503696936148,0.6666666666666666,834,1.5509913588484254,0.6642,0.9980958625521761,0.08332933921545875,,,0.98,,0.9800166246218381,0.01998337537816186,0.9984817459792804,0.09981912077599499,5,0.001,0.1,1.0,0.9960249410017575,0.9955381275789658,0.9964625615662862,0.9960078827420281,0.9959319430003915,0.9955916302937954,0.9959351269518268,0.9958400253500822,0.9963671184717116,0.9964585794279106,0.9953290227409496
7,1,1.2050968655355416,0.65704,5000,1.5533670407754403,0.6654676258992805,834,1.5509913588484254,0.6642,0.9982179279526597,0.08334140574900455,,,0.98,,0.9800166246218381,0.01998337537816186,0.9984817459792804,0.09981912077599499,5,0.001,0.1,0.9960249410017575,1.0,0.9960012273526577,0.9967545568210173,0.9960566546564689,0.9961844663654312,0.9958934702443002,0.9960771462074969,0.9960371251579175,0.9958426997161162,0.9961355163416243,0.995940687238379
