round,client_id,client_i_training_loss,client_i_training_accuracy,client_i_training_dataset_size,client_i_evaluation_loss,client_i_evaluation_accuracy,client_i_evaluation_dataset_size,client_i_central_evaluation_loss,client_i_central_evaluation_accuracy,client_i_cosine_similarity,client_i_importance_coefficient,client_i_tanh_val,tanh_normalization_value,client_i_q,client_i_mask_order,client_i_v_nonzero_fraction,client_i_v_sparsity,client_i_v_cosine_similarity,client_i_reward_gradient_norm,local_epochs,learning_rate,gamma,client_0_cosine_similarity,client_1_cosine_similarity,client_2_cosine_similarity,client_3_cosine_similarity,client_4_cosine_similarity,client_5_cosine_similarity,client_6_cosine_similarity,client_7_cosine_similarity,client_8_cosine_similarity,client_9_cosine_similarity,client_10_cosine_similarity,client_11_cosine_similarity
0,0,0.358827553544146,0.88932,5000,2.202610660482336,0.2565947242206235,834,2.203604242672174,0.2549,0.7940688487435384,0.08334190300014589,,,0.795849031953499,,0.795863661462778,0.20413633853722202,0,0.3968339218871197,5,0.1,0.5,1.0,0.5998644264577145,0.599900548602128,0.5879050191046352,0.5921893230679606,0.6063241420429839,0.6059087205129585,0.6084385508321838,0.5971462522391804,0.5802176589904023,0.5987005352259994,0.5891708298714421
0,1,0.3412183213148527,0.8958,5000,2.207764157542476,0.24700239808153476,834,2.2034953158503523,0.2553,0.8007463566825622,0.08404274426827699,,,0.9599999997657801,,0.9600020079313287,0.03999799206867127,0,0.3969926043314325,5,0.1,0.5,0.5998644264577145,1.0,0.6117121392088273,0.5956743986221427,0.5961449140728309,0.6080691133801437,0.61659346230748,0.6072850955940051,0.6017221495204316,0.5978549127568745,0.5866694434300227,0.6077982226172685
0,2,0.35203263500266396,0.89208,5000,2.21419150741012,0.24820143884892087,834,2.203567165917101,0.2552,0.795532914507592,0.08349556477278268,,,0.8318396761136844,,0.8318558305305959,0.16814416946940414,0,0.3969086580931303,5,0.1,0.5,0.599900548602128,0.6117121392088273,1.0,0.5969398116309809,0.5891946861199826,0.6052417489692518,0.6052950171917605,0.5967331678445122,0.5935327306504418,0.5896202696244998,0.5864468694972446,0.6050984122412207
0,3,0.3500734881183524,0.89312,5000,2.1952092294339782,0.26019184652278177,834,2.2038808843960016,0.2537,0.7888221868058645,0.08279123690743105,,,0.6668720778685974,,0.6668841925606144,0.3331158074393856,0,0.39612800309299573,5,0.1,0.5,0.5879050191046352,0.5956743986221427,0.5969398116309809,1.0,0.5886480913543387,0.5927138776484338,0.5892152629617167,0.6025300778971917,0.5907989450767634,0.580928735701209,0.5920590738110877,0.5983633262512248
0,4,0.3255208431867657,0.89816,5000,2.2054125644542553,0.2653061224489796,833,2.203708932803462,0.2548,0.791411077306561,0.08306295523680318,,,0.7305139162804706,,0.7305356156819437,0.2694643843180563,0,0.3965896791656217,5,0.1,0.5,0.5921893230679606,0.5961449140728309,0.5891946861199826,0.5886480913543387,1.0,0.5899013806333692,0.5892204554140065,0.5951354158708801,0.6043269932436823,0.583811938044704,0.613900578704905,0.5979693900262147
0,5,0.3530294026681192,0.88844,5000,2.201322590863263,0.2737094837935174,833,2.203510150360985,0.2554,0.7977326058289556,0.08372643450281356,,,0.8859139599014932,,0.8859294212137945,0.11407057878620552,0,0.3969687869665279,5,0.1,0.5,0.6063241420429839,0.6080691133801437,0.6052417489692518,0.5927138776484338,0.5899013806333692,1.0,0.603246642687004,0.5956980444985193,0.5953566418901232,0.6095237307488659,0.5948609133634478,0.599737484160866
0,6,0.338300767362972,0.89244,5000,2.2057228883107505,0.2605042016806723,833,2.2035400037186594,0.2552,0.7964737201246458,0.08359430750850712,,,0.8549671892477526,,0.8549721399528136,0.14502786004718637,0,0.3969402164832998,5,0.1,0.5,0.6059087205129585,0.61659346230748,0.6052950171917605,0.5892152629617167,0.5892204554140065,0.603246642687004,1.0,0.5881720916429986,0.5957464143383128,0.5955679331653195,0.5986392404750227,0.6010740076535007
0,7,0.3552869067212958,0.88916,5000,2.204300783298634,0.25570228091236497,833,2.203650869881383,0.2547,0.7933087817510776,0.0832621297793987,,,0.7771645566142065,,0.7771798604487726,0.22282013955122737,0,0.3967807851167477,5,0.1,0.5,0.6084385508321838,0.6072850955940051,0.5967331678445122,0.6025300778971917,0.5951354158708801,0.5956980444985193,0.5881720916429986,1.0,0.5930386773986475,0.587666461985435,0.5912763577331877,0.5925502619226629
0,8,0.34722645170274813,0.8936,5000,2.2065253346054643,0.27130852340936373,833,2.203552208007715,0.2552,0.7950343906130809,0.08344324194192823,,,0.8195846281962873,,0.8195974097685859,0.18040259023141414,0,0.39688778910684314,5,0.1,0.5,0.5971462522391804,0.6017221495204316,0.5935327306504418,0.5907989450767634,0.6043269932436823,0.5953566418901232,0.5957464143383128,0.5930386773986475,1.0,0.597760286020122,0.608553478092111,0.5969829706255612
0,9,0.35149254966586546,0.8894,5000,2.1945915487077503,0.2617046818727491,833,2.203942979867466,0.2533,0.7881358464484672,0.08271920170345372,,,0.65,,0.650002509914161,0.349997490085839,0,0.39595805934916434,5,0.1,0.5,0.5802176589904023,0.5978549127568745,0.5896202696244998,0.580928735701209,0.583811938044704,0.6095237307488659,0.5955679331653195,0.587666461985435,0.597760286020122,1.0,0.5904369706272121,0.5958483723510706
0,10,0.3625695962696129,0.88632,5000,2.2090439708144576,0.23289315726290516,833,2.2036980287716412,0.2545,0.7920802224691263,0.08313318571029396,,,0.746963290365088,,0.7469755534360725,0.25302444656392753,0,0.3966671154300295,5,0.1,0.5,0.5987005352259994,0.5866694434300227,0.5864468694972446,0.5920590738110877,0.613900578704905,0.5948609133634478,0.5986392404750227,0.5912763577331877,0.608553478092111,0.5904369706272121,1.0,0.5852752174803478
0,11,0.35256022992929453,0.889,5000,2.2102495299445257,0.22208883553421369,833,2.203567507167975,0.2553,0.7944994280140462,0.08338709466816474,,,0.8064338196645984,,0.8064504793936047,0.1935495206063953,0,0.39686060929134265,5,0.1,0.5,0.5891708298714421,0.6077982226172685,0.6050984122412207,0.5983633262512248,0.5979693900262147,0.599737484160866,0.6010740076535007,0.5925502619226629,0.5969829706255612,0.5958483723510706,0.5852752174803478,1.0
1,0,0.31099540331300085,0.90436,5000,2.0456075094364308,0.6151079136690647,834,2.048634612522186,0.6044,0.8132150365809458,0.08330206270390858,,,0.96,,0.9600020079313287,0.03999799206867127,0.9608124965679075,0.4071387854938399,5,0.1,0.5,1.0,0.6299139574325685,0.6331243124710244,0.6275355809568578,0.6349539608184849,0.625141290310398,0.6401392635437938,0.6310456859636902,0.6380052468774537,0.624440866609783,0.6288839830640152,0.6329232800127359
1,1,0.30340625680864425,0.90876,5000,2.055110185234635,0.6282973621103117,834,2.048504500343396,0.6063,0.8120841688658941,0.08372557861663593,,,0.96,,0.9600020079313287,0.03999799206867127,0.9612524653311955,0.4071387854938399,5,0.1,0.5,0.6299139574325685,1.0,0.6353112135425226,0.6307442382356416,0.621817886159585,0.6253310796528623,0.6413310228538269,0.6366165306013986,0.6357947925040555,0.6156487832550871,0.6251591792338409,0.6341786783843972
1,2,0.307149262148531,0.90636,5000,2.0593906905916004,0.5959232613908872,834,2.04858809728592,0.6053,0.8205665756039905,0.08365905393285879,,,0.96,,0.9600020079313287,0.03999799206867127,0.9610303459363744,0.4071387854938399,5,0.1,0.5,0.6331243124710244,0.6353112135425226,1.0,0.6413395371405605,0.6357060026991453,0.6422847082884874,0.6372946401179469,0.6463814304106178,0.6326612870268327,0.6426073217375144,0.6314050361213346,0.6392802793202149
1,3,0.3047386720819565,0.90864,5000,2.0377033595685607,0.6163069544364509,834,2.048972866024834,0.6033,0.814160670508294,0.08297128127654588,,,0.96,,0.9600020079313287,0.03999799206867127,0.9589264959366245,0.4071387854938399,5,0.1,0.5,0.6275355809568578,0.6307442382356416,0.6413395371405605,1.0,0.6274900852485192,0.6362173851783306,0.6319705813431391,0.6341203596526858,0.6298203536549538,0.6281774617544311,0.635529941185753,0.6348450083440901
1,4,0.28633365215448914,0.91372,5000,2.0494232884159795,0.5990396158463386,833,2.048726223909055,0.6049,0.8116659247320753,0.08306400908639885,,,0.96,,0.9600020079313287,0.03999799206867127,0.9601582590542215,0.4071387854938399,5,0.1,0.5,0.6349539608184849,0.621817886159585,0.6357060026991453,0.6274900852485192,1.0,0.6285580407154979,0.6288167376176473,0.6344527105977742,0.6323327045623249,0.6294820826470433,0.6343919697253249,0.6243395272966665
1,5,0.30879164383254326,0.904,5000,2.044643441836039,0.6110444177671068,833,2.048522445721367,0.6061,0.8133199042650722,0.08355964433311847,,,0.96,,0.9600020079313287,0.03999799206867127,0.9611688448728419,0.4071387854938399,5,0.1,0.5,0.625141290310398,0.6253310796528623,0.6422847082884874,0.6362173851783306,0.6285580407154979,1.0,0.6371325321815553,0.628866368779438,0.6300762244471577,0.6294334373166574,0.6324459025717544,0.6300375447097426
1,6,0.29446792652545745,0.90972,5000,2.052175517435427,0.617046818727491,833,2.048547518900789,0.6057,0.8181670191849915,0.08364086066798017,,,0.96,,0.9600020079313287,0.03999799206867127,0.9611157618616093,0.4071387854938399,5,0.1,0.5,0.6401392635437938,0.6413310228538269,0.6372946401179469,0.6319705813431391,0.6288167376176473,0.6371325321815553,1.0,0.6362693547820651,0.6333458443478358,0.6346675009583812,0.6343175010619987,0.6380628518564967
1,7,0.30528547271765816,0.9066,5000,2.0487957574703075,0.5834333733493398,833,2.048692315912094,0.6046,0.8170752527678942,0.08338355094015497,,,0.96,,0.9600020079313287,0.03999799206867127,0.9606610829167046,0.4071387854938399,5,0.1,0.5,0.6310456859636902,0.6366165306013986,0.6463814304106178,0.6341203596526858,0.6344527105977742,0.628866368779438,0.6362693547820651,1.0,0.6333777970727553,0.6392358195468143,0.6371534398208892,0.6267525420630641
1,8,0.3066205868402579,0.90648,5000,2.0530211660597057,0.6062424969987995,833,2.0485660203348712,0.6052,0.8131843512469561,0.08336791834958576,,,0.96,,0.9600020079313287,0.03999799206867127,0.9609726599627912,0.4071387854938399,5,0.1,0.5,0.6380052468774537,0.6357947925040555,0.6326612870268327,0.6298203536549538,0.6323327045623249,0.6300762244471577,0.6333458443478358,0.6333777970727553,1.0,0.6265321138906509,0.6229992644502591,0.6303818723270481
1,9,0.30342728469853,0.907,5000,2.038796212938097,0.6218487394957983,833,2.049042519669944,0.6032,0.8120214193650819,0.08284935712725866,,,0.96,,0.9600020079313287,0.03999799206867127,0.9584475036199486,0.4071387854938399,5,0.1,0.5,0.624440866609783,0.6156487832550871,0.6426073217375144,0.6281774617544311,0.6294820826470433,0.6294334373166574,0.6346675009583812,0.6392358195468143,0.6265321138906509,1.0,0.6344151970186946,0.6327317544021469
1,10,0.310207966847974,0.90552,5000,2.0568654007381864,0.5834333733493398,833,2.0487211516109136,0.6047,0.8125186911998877,0.08314002731049021,,,0.96,,0.9600020079313287,0.03999799206867127,0.9603453715955758,0.4071387854938399,5,0.1,0.5,0.6288839830640152,0.6251591792338409,0.6314050361213346,0.635529941185753,0.6343919697253249,0.6324459025717544,0.6343175010619987,0.6371534398208892,0.6229992644502591,0.6344151970186946,1.0,0.6237135291240862
1,11,0.31002648340858474,0.90444,5000,2.056824494291235,0.581032412965186,833,2.048591119031937,0.6049,0.8133516801259711,0.08333665565506379,,,0.96,,0.9600020079313287,0.03999799206867127,0.9608725246365902,0.4071387854938399,5,0.1,0.5,0.6329232800127359,0.6341786783843972,0.6392802793202149,0.6348450083440901,0.6243395272966665,0.6300375447097426,0.6380628518564967,0.6267525420630641,0.6303818723270481,0.6327317544021469,0.6237135291240862,1.0
2,0,0.2821231360731136,0.91608,5000,1.8480926443029333,0.8201438848920863,834,1.8541778028963474,0.8118,0.8110747004349138,0.0831600046700297,,,0.96,,0.9600020079313287,0.03999799206867127,0.9697444034096474,0.4077324427138894,5,0.1,0.5,1.0,0.6318059841433769,0.6277821397346984,0.6290012560834787,0.6326555901312609,0.618613317794325,0.6374007492737592,0.6313921262013269,0.6290205266078971,0.6363043869057297,0.628439234951772,0.6346206072200797
2,1,0.2682294066538619,0.91964,5000,1.8628550238079495,0.8201438848920863,834,1.8540349844545603,0.8124,0.8139400333193039,0.08353908727936561,,,0.96,,0.9600020079313287,0.03999799206867127,0.9697444034096474,0.4077324427138894,5,0.1,0.5,0.6318059841433769,1.0,0.6315647795230355,0.6331578306878262,0.6293142688935454,0.6270601543194643,0.6406770694151059,0.6361092511187919,0.6365876527061558,0.635022488552454,0.6211012938896409,0.640729688821194
2,2,0.27929227856480204,0.91404,5000,1.864576984334875,0.8201438848920863,834,1.8541256817765892,0.8122,0.8155267636071488,0.08355029985983442,,,0.96,,0.9600020079313287,0.03999799206867127,0.9697444034096474,0.4077324427138894,5,0.1,0.5,0.6277821397346984,0.6315647795230355,1.0,0.6410321353913849,0.6398514899126285,0.6355117968880495,0.6327124854824812,0.6403810313425046,0.6322643590151211,0.635401809630679,0.6319330414630583,0.6306167871879883
2,3,0.2768246014786374,0.918,5000,1.8415479395124648,0.8081534772182254,834,1.8545830230743359,0.8111,0.8169589226932789,0.08314608714474944,,,0.96,,0.9600020079313287,0.03999799206867127,0.9697444034096474,0.4077324427138894,5,0.1,0.5,0.6290012560834787,0.6331578306878262,0.6410321353913849,1.0,0.6400614838603808,0.6272762655577618,0.6360082624642724,0.6389900179915365,0.6377926903983306,0.6377795957881284,0.6348115905295137,0.6401404110016816
2,4,0.25411287265218746,0.9202,5000,1.854183386873316,0.8163265306122449,833,1.8542514407215789,0.8122,0.8170469990184089,0.08321035199217279,,,0.96,,0.9600020079313287,0.03999799206867127,0.9697444034096474,0.4077324427138894,5,0.1,0.5,0.6326555901312609,0.6293142688935454,0.6398514899126285,0.6400614838603808,1.0,0.6320574511575188,0.6350662954961794,0.6443470643618554,0.6307158795849422,0.6351757417127775,0.644632958197626,0.6326569082202698
2,5,0.2782121814953484,0.91556,5000,1.849072019259135,0.8091236494597839,833,1.8540546044754906,0.8123,0.8116800109056986,0.08335104998203756,,,0.96,,0.9600020079313287,0.03999799206867127,0.9697444034096474,0.4077324427138894,5,0.1,0.5,0.618613317794325,0.6270601543194643,0.6355117968880495,0.6272762655577618,0.6320574511575188,1.0,0.6332330884841604,0.6325948590233282,0.6312670606123945,0.6462343890980524,0.6277764457399257,0.6302082910318313
2,6,0.2652425215033826,0.92148,5000,1.859470561698631,0.8199279711884754,833,1.8540727558989114,0.8122,0.8176896221607525,0.08361342809218458,,,0.96,,0.9600020079313287,0.03999799206867127,0.9697444034096474,0.4077324427138894,5,0.1,0.5,0.6374007492737592,0.6406770694151059,0.6327124854824812,0.6360082624642724,0.6350662954961794,0.6332330884841604,1.0,0.6395096149080141,0.6334137411999793,0.6360743551597271,0.6430974595442642,0.6330631724709579
2,7,0.27980014220663124,0.91588,5000,1.854114258730853,0.7995198079231692,833,1.8542431543429438,0.8118,0.8196983276341904,0.08351337197276282,,,0.96,,0.9600020079313287,0.03999799206867127,0.9697444034096474,0.4077324427138894,5,0.1,0.5,0.6313921262013269,0.6361092511187919,0.6403810313425046,0.6389900179915365,0.6443470643618554,0.6325948590233282,0.6395096149080141,1.0,0.6373771821796156,0.6467575770786169,0.6366119293297393,0.6370342671573677
2,8,0.2693739271349019,0.91992,5000,1.8600510005597715,0.8127250900360145,833,1.8540955652444127,0.8121,0.8127452098532978,0.08326150551439554,,,0.96,,0.9600020079313287,0.03999799206867127,0.9697444034096474,0.4077324427138894,5,0.1,0.5,0.6290205266078971,0.6365876527061558,0.6322643590151211,0.6377926903983306,0.6307158795849422,0.6312670606123945,0.6334137411999793,0.6373771821796156,1.0,0.6300012147217955,0.6229975479899108,0.6315713682699959
2,9,0.2737428406609376,0.91632,5000,1.8451752971719813,0.8139255702280912,833,1.8546656255904859,0.8107,0.8189370615474627,0.08313433058865184,,,0.96,,0.9600020079313287,0.03999799206867127,0.9697444034096474,0.4077324427138894,5,0.1,0.5,0.6363043869057297,0.635022488552454,0.635401809630679,0.6377795957881284,0.6351757417127775,0.6462343890980524,0.6360743551597271,0.6467575770786169,0.6300012147217955,1.0,0.6367668249511254,0.6403719535898934
2,10,0.2799598485326311,0.91604,5000,1.8657335572772555,0.8067226890756303,833,1.854252120938164,0.812,0.8139571352950112,0.08315318746463903,,,0.96,,0.9600020079313287,0.03999799206867127,0.9697444034096474,0.4077324427138894,5,0.1,0.5,0.628439234951772,0.6211012938896409,0.6319330414630583,0.6348115905295137,0.644632958197626,0.6277764457399257,0.6430974595442642,0.6366119293297393,0.6229975479899108,0.6367668249511254,1.0,0.6378505498429352
2,11,0.27887145820174625,0.914,5000,1.864147181864138,0.7959183673469388,833,1.8541273762242862,0.8119,0.8163844316568786,0.08336729543917672,,,0.96,,0.9600020079313287,0.03999799206867127,0.9697444034096474,0.4077324427138894,5,0.1,0.5,0.6346206072200797,0.640729688821194,0.6306167871879883,0.6401404110016816,0.6326569082202698,0.6302082910318313,0.6330631724709579,0.6370342671573677,0.6315713682699959,0.6403719535898934,0.6378505498429352,1.0
3,0,0.2521388452553493,0.92316,5000,1.6196831199857924,0.8992805755395683,834,1.628915276390295,0.8899,0.8082318133413773,0.08321123225313988,,,0.96,,0.9600020079313287,0.03999799206867127,0.9710054890848808,0.40421988028946426,5,0.1,0.5,1.0,0.6228923768554852,0.615884687575269,0.6269557752357757,0.6264079596639489,0.6250802559608121,0.6268106983870892,0.6185434132985275,0.6271400923726744,0.6160460007441304,0.6162802252755539,0.6196502430700077
3,1,0.2464372217073847,0.92416,5000,1.6393868923187256,0.8860911270983214,834,1.6287636886389492,0.8898,0.8040344949936227,0.08331594003696913,,,0.96,,0.9600020079313287,0.03999799206867127,0.9710054890848808,0.40421988028946426,5,0.1,0.5,0.6228923768554852,1.0,0.617308032378048,0.6224616621851964,0.6261089982802177,0.620254166932983,0.6215705193609444,0.608470571520959,0.6148070268523076,0.6181774006189378,0.6119912101911142,0.6152279980997156
3,2,0.24975515382874544,0.92444,5000,1.6380690645288538,0.8980815347721822,834,1.6288614787232762,0.8901,0.8089689349972963,0.08349528648111841,,,0.96,,0.9600020079313287,0.03999799206867127,0.9710054890848808,0.40421988028946426,5,0.1,0.5,0.615884687575269,0.617308032378048,1.0,0.626955402299008,0.6228828442969517,0.6354381286497033,0.6266085804491037,0.6211647669566948,0.6161839438797811,0.6202195412894331,0.6178065352640264,0.6265936975967329
3,3,0.24554968499074317,0.92628,5000,1.6152198358818337,0.8884892086330936,834,1.629381874879709,0.8895,0.8120677829672677,0.08333567033117319,,,0.96,,0.9600020079313287,0.03999799206867127,0.9710054890848808,0.40421988028946426,5,0.1,0.5,0.6269557752357757,0.6224616621851964,0.626955402299008,1.0,0.630207817751083,0.631378808376295,0.6253706443007796,0.6228882259529213,0.6241218963021768,0.6226699302337703,0.623813632009796,0.6221446037868679
3,4,0.2307346909553121,0.93064,5000,1.6274534375579268,0.8835534213685474,833,1.628975570392304,0.8901,0.8119017679387383,0.08337242882193624,,,0.96,,0.9600020079313287,0.03999799206867127,0.9710054890848808,0.40421988028946426,5,0.1,0.5,0.6264079596639489,0.6261089982802177,0.6228828442969517,0.630207817751083,1.0,0.6307964552985371,0.6274255168981224,0.6185284997572017,0.6218319078310356,0.6256369305467446,0.628989343289317,0.6182773725115249
3,5,0.25344030960540104,0.92288,5000,1.6233982510036893,0.885954381752701,833,1.6287853367412433,0.8899,0.8134240443034163,0.08351860811624666,,,0.96,,0.9600020079313287,0.03999799206867127,0.9710054890848808,0.40421988028946426,5,0.1,0.5,0.6250802559608121,0.620254166932983,0.6354381286497033,0.631378808376295,0.6307964552985371,1.0,0.6285152849134508,0.6213321625740799,0.625848639408768,0.6303840219438148,0.6218273140166691,0.6203534838260285
3,6,0.24117676643832664,0.92796,5000,1.6364201837115817,0.9063625450180072,833,1.6287966357252468,0.89,0.8125660376727611,0.08366240561353076,,,0.96,,0.9600020079313287,0.03999799206867127,0.9710054890848808,0.40421988028946426,5,0.1,0.5,0.6268106983870892,0.6215705193609444,0.6266085804491037,0.6253706443007796,0.6274255168981224,0.6285152849134508,1.0,0.6209148878479727,0.6254148195285658,0.6283450209507873,0.6255089998229307,0.625236841848132
3,7,0.25590277633801767,0.92504,5000,1.628557558412905,0.8955582232893158,833,1.6289852164423884,0.8901,0.8043156683948695,0.08330871328048298,,,0.96,,0.9600020079313287,0.03999799206867127,0.9710054890848808,0.40421988028946426,5,0.1,0.5,0.6185434132985275,0.608470571520959,0.6211647669566948,0.6228882259529213,0.6185284997572017,0.6213321625740799,0.6209148878479727,1.0,0.620869258408497,0.6194994760861532,0.6199963930503656,0.6099113745352196
3,8,0.2487625257699353,0.92544,5000,1.6358942808928314,0.8787515006002401,833,1.6288245314607224,0.8901,0.8061414537071288,0.08320559336225294,,,0.96,,0.9600020079313287,0.03999799206867127,0.9710054890848808,0.40421988028946426,5,0.1,0.5,0.6271400923726744,0.6148070268523076,0.6161839438797811,0.6241218963021768,0.6218319078310356,0.625848639408768,0.6254148195285658,0.620869258408497,1.0,0.6161206380218752,0.6102245599136967,0.6183887575204083
3,9,0.24740231668659646,0.92384,5000,1.6217471007947568,0.8883553421368547,833,1.6294781639933966,0.8896,0.8081935418959101,0.0831929028153906,,,0.96,,0.9600020079313287,0.03999799206867127,0.9710054890848808,0.40421988028946426,5,0.1,0.5,0.6160460007441304,0.6181774006189378,0.6202195412894331,0.6226699302337703,0.6256369305467446,0.6303840219438148,0.6283450209507873,0.6194994760861532,0.6161206380218752,1.0,0.6248524419747314,0.6194776779566437
3,10,0.25527709360548834,0.92296,5000,1.6424104549266674,0.8871548619447779,833,1.6289812360708706,0.89,0.8059942885299984,0.08312876036635787,,,0.96,,0.9600020079313287,0.03999799206867127,0.9710054890848808,0.40421988028946426,5,0.1,0.5,0.6162802252755539,0.6119912101911142,0.6178065352640264,0.623813632009796,0.628989343289317,0.6218273140166691,0.6255089998229307,0.6199963930503656,0.6102245599136967,0.6248524419747314,1.0,0.6187529575210233
3,11,0.2547195284028247,0.923,5000,1.6402725952642936,0.8823529411764706,833,1.6288589330526968,0.8899,0.8054765368955297,0.08325245852140131,,,0.96,,0.9600020079313287,0.03999799206867127,0.9710054890848808,0.40421988028946426,5,0.1,0.5,0.6196502430700077,0.6152279980997156,0.6265936975967329,0.6221446037868679,0.6182773725115249,0.6203534838260285,0.625236841848132,0.6099113745352196,0.6183887575204083,0.6194776779566437,0.6187529575210233,1.0
4,0,0.23213497906164,0.92888,5000,1.3699572130485818,0.9292565947242206,834,1.3830793018158252,0.9212,0.7974748521203595,0.08321731158389674,,,0.96,,0.9600020079313287,0.03999799206867127,0.9716212287333647,0.3992341953567501,5,0.1,0.5,1.0,0.6000396774836672,0.6019698444983774,0.600969708723848,0.6016013811607397,0.5969957680582588,0.6080687922568536,0.6096387740321726,0.6017442423098289,0.603745498898809,0.6063317803386654,0.6106167592467603
4,1,0.22387965834124168,0.93384,5000,1.3946382911116988,0.9232613908872902,834,1.3829303903701586,0.9211,0.7930555410588614,0.08313229679387195,,,0.96,,0.9600020079313287,0.03999799206867127,0.9716212287333647,0.3992341953567501,5,0.1,0.5,0.6000396774836672,1.0,0.6004344871429468,0.6014833260192126,0.593690022224724,0.594442019495854,0.6023441208694649,0.6046322944708385,0.5996059653887704,0.6044198804992275,0.5895918337286795,0.6081796476658793
4,2,0.23216240120292375,0.9306,5000,1.3904586191530581,0.9280575539568345,834,1.3830269487521138,0.9212,0.798421153501365,0.08343924877795005,,,0.96,,0.9600020079313287,0.03999799206867127,0.9716212287333647,0.3992341953567501,5,0.1,0.5,0.6019698444983774,0.6004344871429468,1.0,0.6035188974857185,0.5995093371420439,0.6119174644991017,0.6097456168963142,0.6076888767246671,0.5941761661667339,0.6070893042866551,0.6030459912277935,0.6102828961040992
4,3,0.22921172700893538,0.93436,5000,1.369429522090488,0.920863309352518,834,1.3835800021601181,0.9214,0.7996273885647189,0.08337534513212465,,,0.96,,0.9600020079313287,0.03999799206867127,0.9716212287333647,0.3992341953567501,5,0.1,0.5,0.600969708723848,0.6014833260192126,0.6035188974857185,1.0,0.607963362415059,0.603606067705245,0.6059183204557681,0.6061611803824805,0.6032841126311722,0.6022361055959211,0.6118889335295975,0.6147257649337011
4,4,0.2086785448501539,0.93844,5000,1.3809050056669447,0.9195678271308524,833,1.3831261118380025,0.9215,0.7959809247901664,0.08327220020476928,,,0.96,,0.9600020079313287,0.03999799206867127,0.9716212287333647,0.3992341953567501,5,0.1,0.5,0.6016013811607397,0.593690022224724,0.5995093371420439,0.607963362415059,1.0,0.6024228790699274,0.6002241897938454,0.6083840359010514,0.6023548014525876,0.6010351567476926,0.6037446300256419,0.6057145691635576
4,5,0.23055423853598583,0.92968,5000,1.3763652863325897,0.9159663865546218,833,1.3829516755125393,0.9211,0.7980738960723261,0.08344260245524608,,,0.96,,0.9600020079313287,0.03999799206867127,0.9716212287333647,0.3992341953567501,5,0.1,0.5,0.5969957680582588,0.594442019495854,0.6119174644991017,0.603606067705245,0.6024228790699274,1.0,0.6039963436677573,0.608491734057015,0.6072548714052631,0.6100106419422366,0.5989790919245666,0.6078517571998163
4,6,0.21956314462871784,0.93424,5000,1.3930985662672255,0.9375750300120048,833,1.3829546843093043,0.9211,0.7997287173533647,0.08359609161268097,,,0.96,,0.9600020079313287,0.03999799206867127,0.9716212287333647,0.3992341953567501,5,0.1,0.5,0.6080687922568536,0.6023441208694649,0.6097456168963142,0.6059183204557681,0.6002241897938454,0.6039963436677573,1.0,0.6043360191791493,0.5976142101636999,0.6097490940101863,0.6080186258390058,0.6111579198263033
4,7,0.22938252377507698,0.93232,5000,1.3841520062199346,0.9159663865546218,833,1.3831488651970325,0.9213,0.802084140608935,0.08344338066977569,,,0.96,,0.9600020079313287,0.03999799206867127,0.9716212287333647,0.3992341953567501,5,0.1,0.5,0.6096387740321726,0.6046322944708385,0.6076888767246671,0.6061611803824805,0.6083840359010514,0.608491734057015,0.6043360191791493,1.0,0.6053289745133451,0.6117266999283574,0.6138844647903139,0.6051650658919486
4,8,0.2290762516586881,0.93208,5000,1.3909763980794836,0.9147659063625451,833,1.3829850179318803,0.9213,0.7941455440234829,0.08309707896096069,,,0.96,,0.9600020079313287,0.03999799206867127,0.9716212287333647,0.3992341953567501,5,0.1,0.5,0.6017442423098289,0.5996059653887704,0.5941761661667339,0.6032841126311722,0.6023548014525876,0.6072548714052631,0.5976142101636999,0.6053289745133451,1.0,0.601383829165992,0.5929864065136322,0.6041041016634636
4,9,0.22466133768688057,0.93272,5000,1.3781148636782612,0.9183673469387755,833,1.3836929257304524,0.9216,0.8010633612908927,0.08333067976217506,,,0.96,,0.9600020079313287,0.03999799206867127,0.9716212287333647,0.3992341953567501,5,0.1,0.5,0.603745498898809,0.6044198804992275,0.6070893042866551,0.6022361055959211,0.6010351567476926,0.6100106419422366,0.6097490940101863,0.6117266999283574,0.601383829165992,1.0,0.6120726753162231,0.6126961813189489
4,10,0.2339480081466353,0.93028,5000,1.3991211696907326,0.9159663865546218,833,1.3831338421605266,0.9213,0.7983605045478485,0.08319347414391087,,,0.96,,0.9600020079313287,0.03999799206867127,0.9716212287333647,0.3992341953567501,5,0.1,0.5,0.6063317803386654,0.5895918337286795,0.6030459912277935,0.6118889335295975,0.6037446300256419,0.5989790919245666,0.6080186258390058,0.6138844647903139,0.5929864065136322,0.6120726753162231,1.0,0.6100449501825465
4,11,0.2329027681136919,0.92916,5000,1.394913465888412,0.9159663865546218,833,1.383019358967059,0.9212,0.8036362748457987,0.08346028990263808,,,0.96,,0.9600020079313287,0.03999799206867127,0.9716212287333647,0.3992341953567501,5,0.1,0.5,0.6106167592467603,0.6081796476658793,0.6102828961040992,0.6147257649337011,0.6057145691635576,0.6078517571998163,0.6111579198263033,0.6051650658919486,0.6041041016634636,0.6126961813189489,0.6100449501825465,1.0
5,0,0.21835063668501795,0.93528,5000,1.1175466135696128,0.9388489208633094,834,1.13427002056719,0.9367,0.7839936351373308,0.0831100395222142,,,0.96,,0.9600020079313287,0.03999799206867127,0.9703271823247975,0.39407234678601966,5,0.1,0.5,1.0,0.5818549277895239,0.5845922905939301,0.573615088303082,0.5812300101611826,0.5805930650219607,0.5842200789627272,0.585004663938806,0.5863756688731115,0.5812332392374869,0.5834841637914187,0.5931983855785768
5,1,0.20772564114445144,0.9386,5000,1.1469822680508648,0.9484412470023981,834,1.1341351851487693,0.9366,0.7854553477425062,0.08310464315228604,,,0.96,,0.9600020079313287,0.03999799206867127,0.9703271823247975,0.39407234678601966,5,0.1,0.5,0.5818549277895239,1.0,0.586865455272568,0.5778288307490436,0.5800517152617731,0.5842173350826753,0.5898807453976788,0.5851112298146061,0.5839053466484265,0.5844274048760486,0.5760289050529027,0.5994232742140652
5,2,0.21638247837893854,0.93672,5000,1.139049267327344,0.9460431654676259,834,1.1342247755001909,0.9367,0.7923687373920087,0.08355251724815245,,,0.96,,0.9600020079313287,0.03999799206867127,0.9703271823247975,0.39407234678601966,5,0.1,0.5,0.5845922905939301,0.586865455272568,1.0,0.5844971970928767,0.5834251146252394,0.6052223565256069,0.5939501135338957,0.5896018964425462,0.5822796740460686,0.5944749503238144,0.5921997738086677,0.5963340315064821
5,3,0.21849932654932805,0.93548,5000,1.1211875169365495,0.9304556354916067,834,1.1347781983427345,0.9368,0.7806427083716576,0.08309780068853304,,,0.96,,0.9600020079313287,0.03999799206867127,0.9703271823247975,0.39407234678601966,5,0.1,0.5,0.573615088303082,0.5778288307490436,0.5844971970928767,1.0,0.5840013790736669,0.5838566157858645,0.5794242535256814,0.5756588810500962,0.5773652293981711,0.579415197457004,0.5807010872523589,0.5865324388197422
5,4,0.19503051911771394,0.94076,5000,1.131200326813592,0.9279711884753902,833,1.1343045988783669,0.9367,0.7863959790888086,0.08323110429057921,,,0.96,,0.9600020079313287,0.03999799206867127,0.9703271823247975,0.39407234678601966,5,0.1,0.5,0.5812300101611826,0.5800517152617731,0.5834251146252394,0.5840013790736669,1.0,0.5885638741225756,0.581010283563723,0.5890777404471116,0.5835838728571195,0.5861875698265733,0.5863396080594502,0.5943568221405249
5,5,0.21303377988493177,0.93652,5000,1.126893507109748,0.9339735894357744,833,1.1341556482040844,0.9366,0.7909809924499875,0.08350599121256289,,,0.96,,0.9600020079313287,0.03999799206867127,0.9703271823247975,0.39407234678601966,5,0.1,0.5,0.5805930650219607,0.5842173350826753,0.6052223565256069,0.5838566157858645,0.5885638741225756,1.0,0.5877545706619002,0.5894832731956907,0.5860251901985349,0.5923114421312136,0.5896988881326177,0.5925992222915168
5,6,0.20265901122971847,0.9392,5000,1.145685628608421,0.9519807923169268,833,1.134150686736305,0.9367,0.7898457892004661,0.0835685784648012,,,0.96,,0.9600020079313287,0.03999799206867127,0.9703271823247975,0.39407234678601966,5,0.1,0.5,0.5842200789627272,0.5898807453976788,0.5939501135338957,0.5794242535256814,0.581010283563723,0.5877545706619002,1.0,0.582346057496377,0.5930529778761455,0.5917226281784946,0.5888731118319338,0.5966467690285651
5,7,0.21545861373969893,0.9356,5000,1.1380697003117315,0.929171668667467,833,1.1343336762330782,0.9366,0.7880075301785996,0.08340202379024769,,,0.96,,0.9600020079313287,0.03999799206867127,0.9703271823247975,0.39407234678601966,5,0.1,0.5,0.585004663938806,0.5851112298146061,0.5896018964425462,0.5756588810500962,0.5890777404471116,0.5894832731956907,0.582346057496377,1.0,0.5865415970573231,0.5932077569969906,0.5863105879832464,0.5899056390358713
5,8,0.20383412495231742,0.93908,5000,1.1420486746010956,0.9339735894357744,833,1.1341789831368687,0.9367,0.7849677776962035,0.08306399658205943,,,0.96,,0.9600020079313287,0.03999799206867127,0.9703271823247975,0.39407234678601966,5,0.1,0.5,0.5863756688731115,0.5839053466484265,0.5822796740460686,0.5773652293981711,0.5835838728571195,0.5860251901985349,0.5930529778761455,0.5865415970573231,1.0,0.5758266389832212,0.5798223559341286,0.5904016709800676
5,9,0.21379576990096147,0.9348,5000,1.1323771344290838,0.9327731092436975,833,1.1349051754695538,0.9366,0.7908195908675402,0.08342559361078859,,,0.96,,0.9600020079313287,0.03999799206867127,0.9703271823247975,0.39407234678601966,5,0.1,0.5,0.5812332392374869,0.5844274048760486,0.5944749503238144,0.579415197457004,0.5861875698265733,0.5923114421312136,0.5917226281784946,0.5932077569969906,0.5758266389832212,1.0,0.6003273019410817,0.600188247129369
5,10,0.2096400025164246,0.93596,5000,1.1531687687944483,0.929171668667467,833,1.1343135468114298,0.9366,0.7880495837694268,0.08323664969277128,,,0.96,,0.9600020079313287,0.03999799206867127,0.9703271823247975,0.39407234678601966,5,0.1,0.5,0.5834841637914187,0.5760289050529027,0.5921997738086677,0.5807010872523589,0.5863396080594502,0.5896988881326177,0.5888731118319338,0.5863105879832464,0.5798223559341286,0.6003273019410817,1.0,0.5900301238910947
5,11,0.21138873921134835,0.93728,5000,1.1464332629133154,0.9339735894357744,833,1.1342104450582315,0.9367,0.7961961942961748,0.08370106174500383,,,0.96,,0.9600020079313287,0.03999799206867127,0.9703271823247975,0.39407234678601966,5,0.1,0.5,0.5931983855785768,0.5994232742140652,0.5963340315064821,0.5865324388197422,0.5943568221405249,0.5925992222915168,0.5966467690285651,0.5899056390358713,0.5904016709800676,0.600188247129369,0.5900301238910947,1.0
6,0,0.20611815462304148,0.93876,5000,0.8840115644313671,0.9520383693045563,834,0.9033316811814476,0.9457,0.7690081912871765,0.08307554883725855,,,0.96,,0.9600020079313287,0.03999799206867127,0.9687018709198074,0.38602607815020873,5,0.1,0.5,1.0,0.5490741443853717,0.5564395494384723,0.5478853771557219,0.5640540827949561,0.5522909465644039,0.5628014521845389,0.5580206171926538,0.5639753840185348,0.5572570723022789,0.5562600117866859,0.5576981315862397
6,1,0.1912879456036315,0.94188,5000,0.9154683307365135,0.9556354916067147,834,0.9032132130461379,0.9457,0.7707912703931392,0.08313500649100633,,,0.96,,0.9600020079313287,0.03999799206867127,0.9687018709198074,0.38602607815020873,5,0.1,0.5,0.5490741443853717,1.0,0.563276710738097,0.5589972067693009,0.5673926942375993,0.5515939497405233,0.5650908558895769,0.5572490152399742,0.5597523415481869,0.5577724781330791,0.5504395154688372,0.5616414619599749
6,2,0.19438111829589222,0.943,5000,0.9046975418373391,0.9544364508393285,834,0.9032950128991002,0.9457,0.7755241509031374,0.08360352464683496,,,0.96,,0.9600020079313287,0.03999799206867127,0.9687018709198074,0.38602607815020873,5,0.1,0.5,0.5564395494384723,0.563276710738097,1.0,0.563900442789978,0.5634426949406527,0.5697222281216485,0.5650766549294955,0.5601877743268182,0.5512577989723418,0.5653745268143094,0.558804148432355,0.5662415172612848
6,3,0.20636974790661483,0.9408,5000,0.8918400473064847,0.9448441247002398,834,0.9038014442395097,0.9458,0.7685728848007635,0.08305192055952611,,,0.96,,0.9600020079313287,0.03999799206867127,0.9687018709198074,0.38602607815020873,5,0.1,0.5,0.5478853771557219,0.5589972067693009,0.563900442789978,1.0,0.5627023059205806,0.5515801136596417,0.5488603132911556,0.5536571024143042,0.559687983969163,0.5570914008729394,0.5581978460232322,0.559262172874643
6,4,0.17691313978521878,0.94568,5000,0.8989368655063488,0.9387755102040817,833,0.9033519006765689,0.9458,0.7769360035837616,0.08343741615971342,,,0.96,,0.9600020079313287,0.03999799206867127,0.9687018709198074,0.38602607815020873,5,0.1,0.5,0.5640540827949561,0.5673926942375993,0.5634426949406527,0.5627023059205806,1.0,0.5624717325068236,0.562190739568147,0.5679349080724959,0.5661624893787743,0.5637181247869465,0.5613015139621801,0.5572545156680263
6,5,0.20319995845958685,0.94,5000,0.8938507239023844,0.9399759903961584,833,0.9032329115243004,0.9457,0.7711727413796714,0.08341829647375676,,,0.96,,0.9600020079313287,0.03999799206867127,0.9687018709198074,0.38602607815020873,5,0.1,0.5,0.5522909465644039,0.5515939497405233,0.5697222281216485,0.5515801136596417,0.5624717325068236,1.0,0.5544930531069261,0.5651436895461962,0.5626932128552724,0.5636280060404304,0.5530874635232298,0.5569653777189104
6,6,0.18743341416194678,0.94456,5000,0.915574985521811,0.957983193277311,833,0.9032227299845638,0.9457,0.7723359289419385,0.08350152226032456,,,0.96,,0.9600020079313287,0.03999799206867127,0.9687018709198074,0.38602607815020873,5,0.1,0.5,0.5628014521845389,0.5650908558895769,0.5650766549294955,0.5488603132911556,0.562190739568147,0.5544930531069261,1.0,0.5590658637311541,0.560214553671523,0.5517570929121993,0.5620418480974638,0.5625843795113448
6,7,0.19713852556932504,0.94076,5000,0.9094926207153885,0.9471788715486195,833,0.9033863643487803,0.9457,0.7716161985729673,0.08336409713371876,,,0.96,,0.9600020079313287,0.03999799206867127,0.9687018709198074,0.38602607815020873,5,0.1,0.5,0.5580206171926538,0.5572490152399742,0.5601877743268182,0.5536571024143042,0.5679349080724959,0.5651436895461962,0.5590658637311541,1.0,0.5585388667986843,0.5635825709287944,0.5546621817265004,0.5503514299776597
6,8,0.19199864108495082,0.94216,5000,0.9109339162155434,0.943577430972389,833,0.9032492372936334,0.9457,0.7711360110225519,0.08311988001194909,,,0.96,,0.9600020079313287,0.03999799206867127,0.9687018709198074,0.38602607815020873,5,0.1,0.5,0.5639753840185348,0.5597523415481869,0.5512577989723418,0.559687983969163,0.5661624893787743,0.5626932128552724,0.560214553671523,0.5585388667986843,1.0,0.5553379496411522,0.5502248266020079,0.5579241237312407
6,9,0.19103844353074956,0.94112,5000,0.9043500644189341,0.9387755102040817,833,0.9039335005199567,0.9458,0.7741796945744254,0.08347063748111955,,,0.96,,0.9600020079313287,0.03999799206867127,0.9687018709198074,0.38602607815020873,5,0.1,0.5,0.5572570723022789,0.5577724781330791,0.5653745268143094,0.5570914008729394,0.5637181247869465,0.5636280060404304,0.5517570929121993,0.5635825709287944,0.5553379496411522,1.0,0.5700398013232143,0.5664121277838122
6,10,0.19750332571091544,0.94264,5000,0.9245750617097925,0.936374549819928,833,0.9033625009722603,0.9457,0.7703964205137432,0.08320977396635519,,,0.96,,0.9600020079313287,0.03999799206867127,0.9687018709198074,0.38602607815020873,5,0.1,0.5,0.5562600117866859,0.5504395154688372,0.558804148432355,0.5581978460232322,0.5613015139621801,0.5530874635232298,0.5620418480974638,0.5546621817265004,0.5502248266020079,0.5700398013232143,1.0,0.5628302240620378
6,11,0.19545925427079913,0.94116,5000,0.9151037247092636,0.9399759903961584,833,0.9032776797541414,0.9457,0.772951985000284,0.0836123759784366,,,0.96,,0.9600020079313287,0.03999799206867127,0.9687018709198074,0.38602607815020873,5,0.1,0.5,0.5576981315862397,0.5616414619599749,0.5662415172612848,0.559262172874643,0.5572545156680263,0.5569653777189104,0.5625843795113448,0.5503514299776597,0.5579241237312407,0.5664121277838122,0.5628302240620378,1.0
7,0,0.18777094817524598,0.94268,5000,0.6795498353463633,0.9580335731414868,834,0.7003863259626273,0.95,0.7529990327283087,0.08302338274593098,,,0.96,,0.9600020079313287,0.03999799206867127,0.9660284862048113,0.378403367330748,5,0.1,0.5,1.0,0.5293090513566557,0.5354028518032536,0.5284774861337079,0.5246014089755191,0.534198618582747,0.5335509601805042,0.5288161019788093,0.5283381139132938,0.5292124437119726,0.5315836424752404,0.5364347884283188
7,1,0.18568882780137716,0.94508,5000,0.7116867745364154,0.9580335731414868,834,0.7002915821898098,0.9501,0.756515752190318,0.08318884357605891,,,0.96,,0.9600020079313287,0.03999799206867127,0.9660284862048113,0.378403367330748,5,0.1,0.5,0.5293090513566557,1.0,0.5394224251865419,0.5347400159503183,0.5320387275602011,0.5321209295260132,0.5377568386535726,0.5309592684304998,0.5396842668194354,0.538321437514635,0.5224668033343185,0.5347056699540884
7,2,0.17906162118076518,0.94612,5000,0.698594433289987,0.9580335731414868,834,0.7003584309888724,0.95,0.7648993150844164,0.0838043843757177,,,0.96,,0.9600020079313287,0.03999799206867127,0.9660284862048113,0.378403367330748,5,0.1,0.5,0.5354028518032536,0.5394224251865419,1.0,0.5444257087964799,0.5346042289311866,0.5561319180566641,0.5453500436631573,0.5367999188573285,0.533780031935795,0.5445395499703697,0.532353639932576,0.5422332733268775
