round,client_id,client_i_training_loss,client_i_training_accuracy,client_i_training_dataset_size,client_i_evaluation_loss,client_i_evaluation_accuracy,client_i_evaluation_dataset_size,client_i_central_evaluation_loss,client_i_central_evaluation_accuracy,client_i_cosine_similarity,client_i_importance_coefficient,client_i_tanh_val,tanh_normalization_value,client_i_q,client_i_mask_order,client_i_v_nonzero_fraction,client_i_v_sparsity,client_i_v_cosine_similarity,client_i_reward_gradient_norm,local_epochs,learning_rate,gamma,client_0_cosine_similarity,client_1_cosine_similarity,client_2_cosine_similarity,client_3_cosine_similarity,client_4_cosine_similarity,client_5_cosine_similarity,client_6_cosine_similarity,client_7_cosine_similarity,client_8_cosine_similarity,client_9_cosine_similarity,client_10_cosine_similarity,client_11_cosine_similarity
0,0,2.1832592400775592,0.29904,5000,2.2688089123478643,0.1211031175059952,834,2.265789803605491,0.132,0.9970943518351807,0.08338673594344838,,,0.96,,0.9600139182880506,0.039986081711949395,0,0.09964556315370779,5,0.001,0.1,1.0,0.9876013745581727,0.9945941545351789,0.992671944514715,0.9912653119192498,0.9956225844461172,0.995826966286096,0.996506599103342,0.9900725178937633,0.9930495225406449,0.9950175906212848,0.9904967349717265
0,1,2.182988627397331,0.29172,5000,2.2686339219411216,0.11031175059952038,834,2.265789803605491,0.132,0.9931236121360518,0.08305466403653003,,,0.96,,0.9600139182880506,0.039986081711949395,0,0.09964556315370779,5,0.001,0.1,0.9876013745581727,1.0,0.9840928138018724,0.9884424800586918,0.9901216679510583,0.9880462136662979,0.9880158369467565,0.9880926433235584,0.991680968269425,0.9867008496803972,0.9905007006290306,0.9919497543496396
0,2,2.1838531434915627,0.32384,5000,2.2714316138514765,0.12949640287769784,834,2.265789803605491,0.132,0.9957691962191069,0.08327591353106768,,,0.96,,0.9600139182880506,0.039986081711949395,0,0.09964556315370779,5,0.001,0.1,0.9945941545351789,0.9840928138018724,1.0,0.9951188050506836,0.9890300397625561,0.9939543899155457,0.991603019801946,0.994553415478526,0.9894963747443178,0.9927947942651876,0.9943107193922406,0.9873312668947282
0,3,2.183913536132521,0.36964,5000,2.259777272189105,0.12589928057553956,834,2.265789803605491,0.132,0.9970803511822154,0.08338556507255766,,,0.96,,0.9600139182880506,0.039986081711949395,0,0.09964556315370779,5,0.001,0.1,0.992671944514715,0.9884424800586918,0.9951188050506836,1.0,0.9919146637668416,0.9939953684624336,0.9923585657176898,0.9946569108616579,0.9932719497826193,0.9942498655949604,0.9951113483836291,0.9907659869484677
0,4,2.178779196891056,0.29552,5000,2.2693236492298268,0.1404561824729892,833,2.265789803605491,0.132,0.996374474890956,0.08332653282570995,,,0.96,,0.9600139182880506,0.039986081711949395,0,0.09964556315370779,5,0.001,0.1,0.9912653119192498,0.9901216679510583,0.9890300397625561,0.9919146637668416,1.0,0.992146835491661,0.991290829533591,0.9901525149970565,0.9956890397592583,0.995622698788091,0.9912245112441711,0.9956592821284788
0,5,2.1832900156640704,0.3084,5000,2.258333347461842,0.1332533013205282,833,2.265789803605491,0.132,0.997443376556543,0.08341592478823966,,,0.96,,0.9600139182880506,0.039986081711949395,0,0.09964556315370779,5,0.001,0.1,0.9956225844461172,0.9880462136662979,0.9939543899155457,0.9939953684624336,0.992146835491661,1.0,0.9961506092896858,0.9943443493034112,0.9910127175490825,0.9952076334823388,0.9948388434034889,0.9915792090437676
0,6,2.17918665864665,0.2798,5000,2.263642991030658,0.1332533013205282,833,2.265789803605491,0.132,0.9969329048128154,0.08337323417182761,,,0.96,,0.9600139182880506,0.039986081711949395,0,0.09964556315370779,5,0.001,0.1,0.995826966286096,0.9880158369467565,0.991603019801946,0.9923585657176898,0.991290829533591,0.9961506092896858,1.0,0.9948692025319903,0.9906973132218645,0.9939868458877954,0.9950097871793203,0.9909858276670992
0,7,2.179712548225549,0.33472,5000,2.265086951079192,0.1452581032412965,833,2.265789803605491,0.132,0.99700723488464,0.08337945037600177,,,0.96,,0.9600139182880506,0.039986081711949395,0,0.09964556315370779,5,0.001,0.1,0.996506599103342,0.9880926433235584,0.994553415478526,0.9946569108616579,0.9901525149970565,0.9943443493034112,0.9948692025319903,1.0,0.9906011390653081,0.9921725722069459,0.9965385297470706,0.989195726390331
0,8,2.181766907728402,0.29452,5000,2.2742297561080367,0.1212484993997599,833,2.265789803605491,0.132,0.9962281075902273,0.08331429216720643,,,0.96,,0.9600139182880506,0.039986081711949395,0,0.09964556315370779,5,0.001,0.1,0.9900725178937633,0.991680968269425,0.9894963747443178,0.9932719497826193,0.9956890397592583,0.9910127175490825,0.9906973132218645,0.9906011390653081,1.0,0.9937926277287313,0.9920064375986188,0.9940461270714543
0,9,2.1833770610724286,0.27708,5000,2.2688033050960965,0.13925570228091236,833,2.265789803605491,0.132,0.9972757699585317,0.0834019078929428,,,0.96,,0.9600139182880506,0.039986081711949395,0,0.09964556315370779,5,0.001,0.1,0.9930495225406449,0.9867008496803972,0.9927947942651876,0.9942498655949604,0.995622698788091,0.9952076334823388,0.9939868458877954,0.9921725722069459,0.9937926277287313,1.0,0.9929636530956177,0.9943535401704641
0,10,2.17663784118215,0.32204,5000,2.2699754767947726,0.13445378151260504,833,2.265789803605491,0.132,0.9974548073035772,0.08341688073857957,,,0.96,,0.9600139182880506,0.039986081711949395,0,0.09964556315370779,5,0.001,0.1,0.9950175906212848,0.9905007006290306,0.9943107193922406,0.9951113483836291,0.9912245112441711,0.9948388434034889,0.9950097871793203,0.9965385297470706,0.9920064375986188,0.9929636530956177,1.0,0.9895133157008159
0,11,2.186450064713788,0.28572,5000,2.26507830619812,0.15006002400960383,833,2.265789803605491,0.132,0.9956853136716055,0.08326889845588861,,,0.96,,0.9600139182880506,0.039986081711949395,0,0.09964556315370779,5,0.001,0.1,0.9904967349717265,0.9919497543496396,0.9873312668947282,0.9907659869484677,0.9956592821284788,0.9915792090437676,0.9909858276670992,0.989195726390331,0.9940461270714543,0.9943535401704641,0.9895133157008159,1.0
1,0,1.9939085770564473,0.41548,5000,2.2072656684451633,0.2422062350119904,834,2.205594961635602,0.2385,0.9986446836634384,0.08336937170549148,,,0.96,,0.9600139182880506,0.039986081711949395,0.9584406415523223,0.09985430897959018,5,0.001,0.1,1.0,0.9950183940093291,0.9971846676792545,0.9965838860673278,0.9968813556272542,0.9975518483941977,0.9978070939741779,0.9976049865935566,0.996574817719181,0.996919108676468,0.997130956881488,0.9970112874755792
1,1,1.999621216962292,0.41248,5000,2.2097264572426125,0.20503597122302158,834,2.205594961635602,0.2385,0.9973599156573789,0.08312426136963277,,,0.96,,0.9600139182880506,0.039986081711949395,0.9584406415523223,0.09985430897959018,5,0.001,0.1,0.9950183940093291,1.0,0.9946065950475313,0.9957154311082491,0.9953782293174828,0.9957129687590288,0.9956233539793121,0.9953999693417591,0.9959928448321141,0.9950205053158592,0.9960610910312675,0.9963688545138164
1,2,1.9985065039555738,0.44972,5000,2.213783237669203,0.2278177458033573,834,2.205594961635602,0.2385,0.9985058326199021,0.08329692836114484,,,0.96,,0.9600139182880506,0.039986081711949395,0.9584406415523223,0.09985430897959018,5,0.001,0.1,0.9971846676792545,0.9946065950475313,1.0,0.997497801425501,0.9966941072491716,0.9969496851395442,0.9963237512154737,0.9972452747085572,0.997327575925879,0.9972692943216596,0.9973119602228642,0.9961962619955744
1,3,1.99347045619017,0.48888,5000,2.1981831656561956,0.24100719424460432,834,2.205594961635602,0.2385,0.9986901394402807,0.0833701208128897,,,0.96,,0.9600139182880506,0.039986081711949395,0.9584406415523223,0.09985430897959018,5,0.001,0.1,0.9965838860673278,0.9957154311082491,0.997497801425501,1.0,0.9969680530669139,0.9971198710070079,0.9965056731444809,0.9976107355337239,0.9976328854131056,0.9970628683381747,0.9976203055647229,0.9964984533030607
1,4,1.9912934385287533,0.42364,5000,2.2102731422141746,0.24969987995198079,833,2.205594961635602,0.2385,0.998599850341983,0.08333100514215053,,,0.96,,0.9600139182880506,0.039986081711949395,0.9584406415523223,0.09985430897959018,5,0.001,0.1,0.9968813556272542,0.9953782293174828,0.9966941072491716,0.9969680530669139,1.0,0.9973491064425082,0.9973138784928395,0.9964780464658142,0.996707107811944,0.9979086497591525,0.9965929396610118,0.9974637561310064
1,5,1.9953833224667106,0.423,5000,2.1973263599254467,0.25690276110444177,833,2.205594961635602,0.2385,0.9987566129944893,0.08339088440124708,,,0.96,,0.9600139182880506,0.039986081711949395,0.9584406415523223,0.09985430897959018,5,0.001,0.1,0.9975518483941977,0.9957129687590288,0.9969496851395442,0.9971198710070079,0.9973491064425082,1.0,0.9977185609739115,0.9967096267797272,0.9968361335266617,0.9975706992473032,0.9967741246209469,0.997318635780698
1,6,1.9880721186376682,0.41032,5000,2.204303511866817,0.22088835534213686,833,2.205594961635602,0.2385,0.9987262727408114,0.08336372514667938,,,0.96,,0.9600139182880506,0.039986081711949395,0.9584406415523223,0.09985430897959018,5,0.001,0.1,0.9978070939741779,0.9956233539793121,0.9963237512154737,0.9965056731444809,0.9973138784928395,0.9977185609739115,1.0,0.9972213992394343,0.9966851873305622,0.9974406105541757,0.9972095207635749,0.9973987492902989
1,7,1.989354381439792,0.44376,5000,2.2064086066351996,0.25570228091236497,833,2.205594961635602,0.2385,0.998554871384468,0.08336200503196367,,,0.96,,0.9600139182880506,0.039986081711949395,0.9584406415523223,0.09985430897959018,5,0.001,0.1,0.9976049865935566,0.9953999693417591,0.9972452747085572,0.9976107355337239,0.9964780464658142,0.9967096267797272,0.9972213992394343,1.0,0.9967863821452163,0.9961695104353872,0.9979730826960452,0.995994212230595
1,8,1.9929217169998559,0.45076,5000,2.215588922853823,0.226890756302521,833,2.205594961635602,0.2385,0.998652876819105,0.08332521006565745,,,0.96,,0.9600139182880506,0.039986081711949395,0.9584406415523223,0.09985430897959018,5,0.001,0.1,0.996574817719181,0.9959928448321141,0.997327575925879,0.9976328854131056,0.996707107811944,0.9968361335266617,0.9966851873305622,0.9967863821452163,1.0,0.9976626551070099,0.9976131470560726,0.9965537543200862
1,9,1.9949239188698447,0.4156,5000,2.2102681442543313,0.24729891956782712,833,2.205594961635602,0.2385,0.9987565252964667,0.08338228572152746,,,0.96,,0.9600139182880506,0.039986081711949395,0.9584406415523223,0.09985430897959018,5,0.001,0.1,0.996919108676468,0.9950205053158592,0.9972692943216596,0.9970628683381747,0.9979086497591525,0.9975706992473032,0.9974406105541757,0.9961695104353872,0.9976626551070099,1.0,0.9968886354365984,0.9976972709204383
1,10,1.9827139336592072,0.45036,5000,2.209253946940104,0.23289315726290516,833,2.205594961635602,0.2385,0.9987447567196953,0.0833910879606422,,,0.96,,0.9600139182880506,0.039986081711949395,0.9584406415523223,0.09985430897959018,5,0.001,0.1,0.997130956881488,0.9960610910312675,0.9973119602228642,0.9976203055647229,0.9965929396610118,0.9967741246209469,0.9972095207635749,0.9979730826960452,0.9976131470560726,0.9968886354365984,1.0,0.9962941910112102
1,11,2.001297161533574,0.40308,5000,2.2046440883919045,0.25570228091236497,833,2.205594961635602,0.2385,0.998520949258713,0.08329311428097333,,,0.96,,0.9600139182880506,0.039986081711949395,0.9584406415523223,0.09985430897959018,5,0.001,0.1,0.9970112874755792,0.9963688545138164,0.9961962619955744,0.9964984533030607,0.9974637561310064,0.997318635780698,0.9973987492902989,0.995994212230595,0.9965537543200862,0.9976972709204383,0.9962941910112102,1.0
2,0,1.7886086081243624,0.50156,5000,2.1283999107502125,0.37170263788968827,834,2.1282885767781314,0.3793,0.9987881054105219,0.08335367064290386,,,0.96,,0.9600139182880506,0.039986081711949395,0.9895889374287457,0.09988427280212213,5,0.001,0.1,1.0,0.9958690707705834,0.9982216586937076,0.9972605675828212,0.9977809579036142,0.9978646326719007,0.998111507946125,0.9978556023525363,0.9966424346519732,0.9970663178997194,0.997115800481679,0.9977946909747828
2,1,1.7979913196745951,0.50592,5000,2.133691743568138,0.34292565947242204,834,2.1282885767781314,0.3793,0.9980545046546483,0.08317969924725359,,,0.96,,0.9600139182880506,0.039986081711949395,0.9895889374287457,0.09988427280212213,5,0.001,0.1,0.9958690707705834,1.0,0.9967456314541501,0.9966468975951575,0.9963180689325134,0.9966407641027358,0.9965340778511843,0.9967336803367001,0.9967274749680566,0.9966753201717845,0.9970608054814342,0.9968517909746519
2,2,1.7957245293696216,0.52436,5000,2.139217482672797,0.36810551558752996,834,2.1282885767781314,0.3793,0.9992237496588557,0.08332330932178812,,,0.96,,0.9600139182880506,0.039986081711949395,0.9895889374287457,0.09988427280212213,5,0.001,0.1,0.9982216586937076,0.9967456314541501,1.0,0.998222951531977,0.9980762623894598,0.9981313428941723,0.9977785174417886,0.9981872064958313,0.997567298021588,0.998020803219876,0.9979075622796226,0.9979478958219877
2,3,1.7852552808773745,0.55424,5000,2.1192160535741738,0.3908872901678657,834,2.1282885767781314,0.3793,0.9989332985763848,0.08335881572876751,,,0.96,,0.9600139182880506,0.039986081711949395,0.9895889374287457,0.09988427280212213,5,0.001,0.1,0.9972605675828212,0.9966468975951575,0.998222951531977,1.0,0.9978468922745084,0.9976741097764283,0.9973275378881485,0.9980989162093743,0.997589828346432,0.9974578707513813,0.9977374523665159,0.997462053478649
2,4,1.7851615226952133,0.50936,5000,2.1339874355881303,0.40336134453781514,833,2.1282885767781314,0.3793,0.9989571072829022,0.08333559922973426,,,0.96,,0.9600139182880506,0.039986081711949395,0.9895889374287457,0.09988427280212213,5,0.001,0.1,0.9977809579036142,0.9963180689325134,0.9980762623894598,0.9978468922745084,1.0,0.998214689230426,0.9978656641866214,0.9972241136830425,0.9971115520742709,0.9980576586521718,0.9971442581354474,0.9979702196893278
2,5,1.7911985221182465,0.51324,5000,2.1190830866495767,0.39735894357743096,833,2.1282885767781314,0.3793,0.998963210575403,0.08337251283858399,,,0.96,,0.9600139182880506,0.039986081711949395,0.9895889374287457,0.09988427280212213,5,0.001,0.1,0.9978646326719007,0.9966407641027358,0.9981313428941723,0.9976741097764283,0.998214689230426,1.0,0.9981121624099817,0.9974114137528954,0.9969197007369907,0.9977036002419963,0.9970736687413397,0.9979370659598907
2,6,1.7809614790473014,0.50444,5000,2.1281539775707103,0.3697478991596639,833,2.1282885767781314,0.3793,0.9989590849601631,0.08335572623904859,,,0.96,,0.9600139182880506,0.039986081711949395,0.9895889374287457,0.09988427280212213,5,0.001,0.1,0.998111507946125,0.9965340778511843,0.9977785174417886,0.9973275378881485,0.9978656641866214,0.9981121624099817,1.0,0.9976796287097377,0.9972125547021718,0.9977315266485295,0.9973800914248682,0.9979003504043682
2,7,1.783308842835153,0.524,5000,2.1310230272787587,0.3817527010804322,833,2.1282885767781314,0.3793,0.9989120869893319,0.08335315475958628,,,0.96,,0.9600139182880506,0.039986081711949395,0.9895889374287457,0.09988427280212213,5,0.001,0.1,0.9978556023525363,0.9967336803367001,0.9981872064958313,0.9980989162093743,0.9972241136830425,0.9974114137528954,0.9976796287097377,1.0,0.9974031366842898,0.9972208340284059,0.9981394922442269,0.997116650078487
2,8,1.7868624181504462,0.54364,5000,2.1401898154505976,0.36614645858343337,833,2.1282885767781314,0.3793,0.9986579215216621,0.08332239033745333,,,0.96,,0.9600139182880506,0.039986081711949395,0.9895889374287457,0.09988427280212213,5,0.001,0.1,0.9966424346519732,0.9967274749680566,0.997567298021588,0.997589828346432,0.9971115520742709,0.9969197007369907,0.9972125547021718,0.9974031366842898,1.0,0.9978905146116616,0.9976913231636998,0.997270508532939
2,9,1.788287886844319,0.51324,5000,2.1352757524560997,0.37214885954381755,833,2.1282885767781314,0.3793,0.9989354691079234,0.08336634503080542,,,0.96,,0.9600139182880506,0.039986081711949395,0.9895889374287457,0.09988427280212213,5,0.001,0.1,0.9970663178997194,0.9966753201717845,0.998020803219876,0.9974578707513813,0.9980576586521718,0.9977036002419963,0.9977315266485295,0.9972208340284059,0.9978905146116616,1.0,0.9976063033883531,0.9979205222556926
2,10,1.7753307076776104,0.52972,5000,2.131926589541965,0.38415366146458585,833,2.1282885767781314,0.3793,0.9988089311922046,0.08336765867181856,,,0.96,,0.9600139182880506,0.039986081711949395,0.9895889374287457,0.09988427280212213,5,0.001,0.1,0.997115800481679,0.9970608054814342,0.9979075622796226,0.9977374523665159,0.9971442581354474,0.9970736687413397,0.9973800914248682,0.9981394922442269,0.9976913231636998,0.9976063033883531,1.0,0.9969780837581793
2,11,1.7990434588900037,0.48788,5000,2.1272157474800393,0.40336134453781514,833,2.1282885767781314,0.3793,0.9989184540413002,0.08331111795225646,,,0.96,,0.9600139182880506,0.039986081711949395,0.9895889374287457,0.09988427280212213,5,0.001,0.1,0.9977946909747828,0.9968517909746519,0.9979478958219877,0.997462053478649,0.9979702196893278,0.9979370659598907,0.9979003504043682,0.997116650078487,0.997270508532939,0.9979205222556926,0.9969780837581793,1.0
3,0,1.6098345740585571,0.5574,5000,2.0322535126297563,0.4568345323741007,834,2.0338234874767998,0.4701,0.998856014610005,0.08334426171553173,,,0.96,,0.9600139182880506,0.039986081711949395,0.995255930914132,0.09989037930785004,5,0.001,0.1,1.0,0.996623660627669,0.9980765414864602,0.9973049533994393,0.9976143696543929,0.9979074631664092,0.9980638550141463,0.9979357277589305,0.9970612931702391,0.9976814989425742,0.9974075929264246,0.9974541710662354
3,1,1.6195924274481026,0.56368,5000,2.0405473841561212,0.45323741007194246,834,2.0338234874767998,0.4701,0.9983861029443961,0.08322242394442979,,,0.96,,0.9600139182880506,0.039986081711949395,0.995255930914132,0.09989037930785004,5,0.001,0.1,0.996623660627669,1.0,0.9972545765197562,0.9969624058661112,0.9968191677458982,0.9971834504654328,0.9970954147907268,0.997042122268056,0.9971404688178256,0.9971156657812668,0.9970797334414186,0.9971898899613258
3,2,1.6159372007011608,0.5722,5000,2.047972696798819,0.45083932853717024,834,2.0338234874767998,0.4701,0.9992288933696709,0.08333767871753438,,,0.96,,0.9600139182880506,0.039986081711949395,0.995255930914132,0.09989037930785004,5,0.001,0.1,0.9980765414864602,0.9972545765197562,1.0,0.9982469073204128,0.9981253500682077,0.9983225015663034,0.9977682666719749,0.9979326981430994,0.9975843652782058,0.9984294190646129,0.9980566365657038,0.9978045502929496
3,3,1.6039185131431386,0.59016,5000,2.022800979790864,0.48201438848920863,834,2.0338234874767998,0.4701,0.9988824894219237,0.08334827088269696,,,0.96,,0.9600139182880506,0.039986081711949395,0.995255930914132,0.09989037930785004,5,0.001,0.1,0.9973049533994393,0.9969624058661112,0.9982469073204128,1.0,0.9980286669340892,0.9976839995951157,0.9972774646792351,0.9976971209959848,0.9975919764109494,0.997702769772636,0.9975239908207953,0.9974290678118103
3,4,1.605873333724441,0.57336,5000,2.0407756257940224,0.47418967587034816,833,2.0338234874767998,0.4701,0.9989627143989983,0.08333662437595096,,,0.96,,0.9600139182880506,0.039986081711949395,0.995255930914132,0.09989037930785004,5,0.001,0.1,0.9976143696543929,0.9968191677458982,0.9981253500682077,0.9980286669340892,1.0,0.9981361918952051,0.9978307725549977,0.9972852288882578,0.9973553703603468,0.9982723301586995,0.997346986436832,0.9975963259827059
3,5,1.6120883155020937,0.56524,5000,2.0238062805599637,0.48739495798319327,833,2.0338234874767998,0.4701,0.9990615286924242,0.08336244736147856,,,0.96,,0.9600139182880506,0.039986081711949395,0.995255930914132,0.09989037930785004,5,0.001,0.1,0.9979074631664092,0.9971834504654328,0.9983225015663034,0.9976839995951157,0.9981361918952051,1.0,0.9979713475699593,0.9976520982816025,0.9974785797175179,0.9981088159541244,0.9975071401214032,0.9976434507847297
3,6,1.6010509692179928,0.56012,5000,2.0351003805796304,0.45858343337334934,833,2.0338234874767998,0.4701,0.9989397308613959,0.08334822380255164,,,0.96,,0.9600139182880506,0.039986081711949395,0.995255930914132,0.09989037930785004,5,0.001,0.1,0.9980638550141463,0.9970954147907268,0.9977682666719749,0.9972774646792351,0.9978307725549977,0.9979713475699593,1.0,0.9977420671263072,0.9975390500544576,0.9978599531864412,0.9975095556886008,0.9974776336381243
3,7,1.604091374585583,0.58008,5000,2.0386555636370622,0.4789915966386555,833,2.0338234874767998,0.4701,0.9989207123011111,0.08334603330303204,,,0.96,,0.9600139182880506,0.039986081711949395,0.995255930914132,0.09989037930785004,5,0.001,0.1,0.9979357277589305,0.997042122268056,0.9979326981430994,0.9976971209959848,0.9972852288882578,0.9976520982816025,0.9977420671263072,1.0,0.9976442244166519,0.9975920309568885,0.9981847568865327,0.9971991593037035
3,8,1.605295440042095,0.59316,5000,2.048082537121243,0.468187274909964,833,2.0338234874767998,0.4701,0.9988035365620153,0.08332338821769154,,,0.96,,0.9600139182880506,0.039986081711949395,0.995255930914132,0.09989037930785004,5,0.001,0.1,0.9970612931702391,0.9971404688178256,0.9975843652782058,0.9975919764109494,0.9973553703603468,0.9974785797175179,0.9975390500544576,0.9976442244166519,1.0,0.9978977276796123,0.9978282055029006,0.9973828697034489
3,9,1.608449633182234,0.57232,5000,2.043789439731174,0.4765906362545018,833,2.0338234874767998,0.4701,0.9991286391257743,0.08336083125910616,,,0.96,,0.9600139182880506,0.039986081711949395,0.995255930914132,0.09989037930785004,5,0.001,0.1,0.9976814989425742,0.9971156657812668,0.9984294190646129,0.997702769772636,0.9982723301586995,0.9981088159541244,0.9978599531864412,0.9975920309568885,0.9978977276796123,1.0,0.9977079421006019,0.9980315210660828
3,10,1.5973883597714127,0.58112,5000,2.037700993043405,0.46218487394957986,833,2.0338234874767998,0.4701,0.9988770013496209,0.08335351594211857,,,0.96,,0.9600139182880506,0.039986081711949395,0.995255930914132,0.09989037930785004,5,0.001,0.1,0.9974075929264246,0.9970797334414186,0.9980566365657038,0.9975239908207953,0.997346986436832,0.9975071401214032,0.9975095556886008,0.9981847568865327,0.9978282055029006,0.9977079421006019,1.0,0.9972308034973059
3,11,1.6217131199350783,0.55236,5000,2.032392528322008,0.4921968787515006,833,2.0338234874767998,0.4701,0.9987980851825627,0.0833163004778777,,,0.96,,0.9600139182880506,0.039986081711949395,0.995255930914132,0.09989037930785004,5,0.001,0.1,0.9974541710662354,0.9971898899613258,0.9978045502929496,0.9974290678118103,0.9975963259827059,0.9976434507847297,0.9974776336381243,0.9971991593037035,0.9973828697034489,0.9980315210660828,0.9972308034973059,1.0
4,0,1.4649675050358864,0.59384,5000,1.919961028628879,0.511990407673861,834,1.9234062296133072,0.5316,0.9987908307804992,0.08333858219166894,,,0.96,,0.9600139182880506,0.039986081711949395,0.9974565454898696,0.09988358456775666,5,0.001,0.1,1.0,0.9964979549567103,0.9980349269501052,0.9972179380839052,0.9971274145474691,0.997634296305906,0.9978593001489565,0.9976900312176645,0.9970465540202034,0.9976556572452322,0.997230487059281,0.9975413568273266
4,1,1.47311929350446,0.59496,5000,1.9314818867930659,0.5215827338129496,834,1.9234062296133072,0.5316,0.9982556871266072,0.08324660328020865,,,0.96,,0.9600139182880506,0.039986081711949395,0.9974565454898696,0.09988358456775666,5,0.001,0.1,0.9964979549567103,1.0,0.9972834157284236,0.9969254469398346,0.9964391829121705,0.9969668091016379,0.997183683510829,0.9966493402479035,0.9969466977032438,0.9968067284665357,0.996684582280367,0.9967438154874476
4,2,1.4698694141047774,0.60416,5000,1.9409219732990972,0.49760191846522783,834,1.9234062296133072,0.5316,0.9992257599865306,0.08334858193170117,,,0.96,,0.9600139182880506,0.039986081711949395,0.9974565454898696,0.09988358456775666,5,0.001,0.1,0.9980349269501052,0.9972834157284236,1.0,0.9979860526021248,0.9979233658379164,0.9981677971985655,0.9978128131793398,0.9977887458349451,0.9976043147464195,0.9983110509789237,0.9980217630815621,0.9978152986554355
4,3,1.4568750606980294,0.61448,5000,1.9104808966318767,0.5491606714628298,834,1.9234062296133072,0.5316,0.9988072027316216,0.08334156889656226,,,0.96,,0.9600139182880506,0.039986081711949395,0.9974565454898696,0.09988358456775666,5,0.001,0.1,0.9972179380839052,0.9969254469398346,0.9979860526021248,1.0,0.9976152813249551,0.997620214651904,0.9970646561940844,0.9975804031549098,0.9973012337254031,0.997618692265196,0.9974345045075601,0.9973682674859837
4,4,1.4600526382968684,0.6082,5000,1.93146405838154,0.5366146458583433,833,1.9234062296133072,0.5316,0.9988057984426327,0.08333438217669022,,,0.96,,0.9600139182880506,0.039986081711949395,0.9974565454898696,0.09988358456775666,5,0.001,0.1,0.9971274145474691,0.9964391829121705,0.9979233658379164,0.9976152813249551,1.0,0.9975850411764018,0.99753454243944,0.9971904234794104,0.9974634396932608,0.9981388817002587,0.9973127284547301,0.9973851276624724
4,5,1.4655941607086522,0.59752,5000,1.9131299654642742,0.5582232893157263,833,1.9234062296133072,0.5316,0.9989090976674281,0.08335355003881618,,,0.96,,0.9600139182880506,0.039986081711949395,0.9974565454898696,0.09988358456775666,5,0.001,0.1,0.997634296305906,0.9969668091016379,0.9981677971985655,0.997620214651904,0.9975850411764018,1.0,0.9976369320699982,0.9974280105841581,0.9972217420586253,0.9978717390339132,0.9973056417384965,0.9975152600773792
4,6,1.4549378041249172,0.60116,5000,1.9265119146417689,0.5186074429771909,833,1.9234062296133072,0.5316,0.9989408402873348,0.08334585286043847,,,0.96,,0.9600139182880506,0.039986081711949395,0.9974565454898696,0.09988358456775666,5,0.001,0.1,0.9978593001489565,0.997183683510829,0.9978128131793398,0.9970646561940844,0.99753454243944,0.9976369320699982,1.0,0.9976801085692427,0.9975728414279466,0.9980304315672877,0.9974506697057408,0.997508670124643
4,7,1.459335795861141,0.60972,5000,1.9304194936045893,0.5210084033613446,833,1.9234062296133072,0.5316,0.998800192984211,0.08333997063563205,,,0.96,,0.9600139182880506,0.039986081711949395,0.9974565454898696,0.09988358456775666,5,0.001,0.1,0.9976900312176645,0.9966493402479035,0.9977887458349451,0.9975804031549098,0.9971904234794104,0.9974280105841581,0.9976801085692427,1.0,0.9973553833390522,0.9973617324172166,0.9977922286461366,0.9971318409959808
4,8,1.4557256842874418,0.62252,5000,1.9402369834758617,0.5354141656662665,833,1.9234062296133072,0.5316,0.9987993944805472,0.08332605936252294,,,0.96,,0.9600139182880506,0.039986081711949395,0.9974565454898696,0.09988358456775666,5,0.001,0.1,0.9970465540202034,0.9969466977032438,0.9976043147464195,0.9973012337254031,0.9974634396932608,0.9972217420586253,0.9975728414279466,0.9973553833390522,1.0,0.9980354700091753,0.9974926098290559,0.9975996753974494
4,9,1.4606405481411393,0.60912,5000,1.9367956452899509,0.5270108043217286,833,1.9234062296133072,0.5316,0.999110920380658,0.0833590724232087,,,0.96,,0.9600139182880506,0.039986081711949395,0.9974565454898696,0.09988358456775666,5,0.001,0.1,0.9976556572452322,0.9968067284665357,0.9983110509789237,0.997618692265196,0.9981388817002587,0.9978717390339132,0.9980304315672877,0.9973617324172166,0.9980354700091753,1.0,0.9975658145023167,0.9979762034410877
4,10,1.451083510316861,0.6124,5000,1.9279829307838723,0.539015606242497,833,1.9234062296133072,0.5316,0.9987798773433941,0.08334390319821082,,,0.96,,0.9600139182880506,0.039986081711949395,0.9974565454898696,0.09988358456775666,5,0.001,0.1,0.997230487059281,0.996684582280367,0.9980217630815621,0.9974345045075601,0.9973127284547301,0.9973056417384965,0.9974506697057408,0.9977922286461366,0.9974926098290559,0.9975658145023167,1.0,0.9971136615241867
4,11,1.4749009789934584,0.58756,5000,1.9218598427595917,0.5630252100840336,833,1.9234062296133072,0.5316,0.9988043429169801,0.0833218730043396,,,0.96,,0.9600139182880506,0.039986081711949395,0.9974565454898696,0.09988358456775666,5,0.001,0.1,0.9975413568273266,0.9967438154874476,0.9978152986554355,0.9973682674859837,0.9973851276624724,0.9975152600773792,0.997508670124643,0.9971318409959808,0.9975996753974494,0.9979762034410877,0.9971136615241867,1.0
5,0,1.3456458153998017,0.62512,5000,1.7941866450839572,0.5503597122302158,834,1.7997980308228028,0.5694,0.9986783542605908,0.08333690330222274,,,0.96,,0.9600139182880506,0.039986081711949395,0.9982278498849552,0.09986674045280819,5,0.001,0.1,1.0,0.9960548440379355,0.9976508899235956,0.9967801009603887,0.9967848358083061,0.9971990815620277,0.9975040563385172,0.9975168744049006,0.9968581423363586,0.9974905344138345,0.9970896729960658,0.9972413239401342
5,1,1.3547342014160886,0.6208,5000,1.8091416403099343,0.5623501199040767,834,1.7997980308228028,0.5694,0.9980313284347588,0.08325961746443648,,,0.96,,0.9600139182880506,0.039986081711949395,0.9982278498849552,0.09986674045280819,5,0.001,0.1,0.9960548440379355,1.0,0.9967500083544835,0.9963339227959539,0.9960800513108667,0.9964381684926873,0.9968699726936557,0.9961542573297975,0.9967026689561512,0.9966361324636545,0.9961027435389364,0.9962988284815708
5,2,1.3502811058311706,0.62248,5000,1.8210050485752247,0.526378896882494,834,1.7997980308228028,0.5694,0.9990406374482932,0.08335472792384528,,,0.96,,0.9600139182880506,0.039986081711949395,0.9982278498849552,0.09986674045280819,5,0.001,0.1,0.9976508899235956,0.9967500083544835,1.0,0.9975863115378395,0.9975898343441499,0.9978789572384708,0.9973793658370862,0.9975324777345638,0.9971042270790585,0.9981625380259375,0.9976015509675574,0.997275758649997
5,3,1.3382630282146915,0.63632,5000,1.7852380275726318,0.5851318944844125,834,1.7997980308228028,0.5694,0.9985899003177131,0.08333587998244373,,,0.96,,0.9600139182880506,0.039986081711949395,0.9982278498849552,0.09986674045280819,5,0.001,0.1,0.9967801009603887,0.9963339227959539,0.9975863115378395,1.0,0.9974596137466635,0.9971015780559682,0.9967331251583085,0.9971542120094743,0.996989108746379,0.9973958128355875,0.9968270461522528,0.996749843878752
5,4,1.3401742817489963,0.63504,5000,1.8088186581929524,0.5762304921968787,833,1.7997980308228028,0.5694,0.9986469358173933,0.08333331374977103,,,0.96,,0.9600139182880506,0.039986081711949395,0.9982278498849552,0.09986674045280819,5,0.001,0.1,0.9967848358083061,0.9960800513108667,0.9975898343441499,0.9974596137466635,1.0,0.997471576253713,0.9972301992854906,0.9968874513229298,0.9968345073308623,0.9978196831251945,0.9968070613550775,0.9968290563083627
5,5,1.3475660570867503,0.62316,5000,1.7894751760694716,0.5990396158463386,833,1.7997980308228028,0.5694,0.9987511326906254,0.08334843078139331,,,0.96,,0.9600139182880506,0.039986081711949395,0.9982278498849552,0.09986674045280819,5,0.001,0.1,0.9971990815620277,0.9964381684926873,0.9978789572384708,0.9971015780559682,0.997471576253713,1.0,0.9973726747468495,0.997091883084141,0.997033371309194,0.9976771716876875,0.9968190251575069,0.9969588663871568
5,6,1.3364150632718566,0.63,5000,1.804998896740101,0.5594237695078031,833,1.7997980308228028,0.5694,0.9988187081278478,0.0833458916990457,,,0.96,,0.9600139182880506,0.039986081711949395,0.9982278498849552,0.09986674045280819,5,0.001,0.1,0.9975040563385172,0.9968699726936557,0.9973793658370862,0.9967331251583085,0.9972301992854906,0.9973726747468495,1.0,0.9974735369412763,0.9973226582627386,0.9978443300261151,0.996956876534914,0.9971661414020068
5,7,1.340355459216294,0.63108,5000,1.8089346135104145,0.5558223289315727,833,1.7997980308228028,0.5694,0.9986787599814321,0.08333776781770813,,,0.96,,0.9600139182880506,0.039986081711949395,0.9982278498849552,0.09986674045280819,5,0.001,0.1,0.9975168744049006,0.9961542573297975,0.9975324777345638,0.9971542120094743,0.9968874513229298,0.997091883084141,0.9974735369412763,1.0,0.9971240231773562,0.9973083311568095,0.9971916480779548,0.996740597437924
5,8,1.3358449313291318,0.6462,5000,1.8192569944593642,0.5738295318127251,833,1.7997980308228028,0.5694,0.9986537153078311,0.08332842884363838,,,0.96,,0.9600139182880506,0.039986081711949395,0.9982278498849552,0.09986674045280819,5,0.001,0.1,0.9968581423363586,0.9967026689561512,0.9971042270790585,0.996989108746379,0.9968345073308623,0.997033371309194,0.9973226582627386,0.9971240231773562,1.0,0.9976783878396526,0.9971415734974771,0.9970876523967896
5,9,1.340629593202263,0.63612,5000,1.8168344056164776,0.56062424969988,833,1.7997980308228028,0.5694,0.9990743593722913,0.08336224926357157,,,0.96,,0.9600139182880506,0.039986081711949395,0.9982278498849552,0.09986674045280819,5,0.001,0.1,0.9974905344138345,0.9966361324636545,0.9981625380259375,0.9973958128355875,0.9978196831251945,0.9976771716876875,0.9978443300261151,0.9973083311568095,0.9976783878396526,1.0,0.9975603493734324,0.9973425105886848
5,10,1.3325968585196575,0.63532,5000,1.8050814557958532,0.5774309723889556,833,1.7997980308228028,0.5694,0.998539939334004,0.08333569894543624,,,0.96,,0.9600139182880506,0.039986081711949395,0.9982278498849552,0.09986674045280819,5,0.001,0.1,0.9970896729960658,0.9961027435389364,0.9976015509675574,0.9968270461522528,0.9968070613550775,0.9968190251575069,0.996956876534914,0.9971916480779548,0.9971415734974771,0.9975603493734324,1.0,0.9964140003977698
5,11,1.3570199507816583,0.61844,5000,1.7984127600987752,0.6062424969987995,833,1.7997980308228028,0.5694,0.998505876328713,0.08332109022648751,,,0.96,,0.9600139182880506,0.039986081711949395,0.9982278498849552,0.09986674045280819,5,0.001,0.1,0.9972413239401342,0.9962988284815708,0.997275758649997,0.996749843878752,0.9968290563083627,0.9969588663871568,0.9971661414020068,0.996740597437924,0.9970876523967896,0.9973425105886848,0.9964140003977698,1.0
6,0,1.2461929860388397,0.64248,5000,1.659647539809898,0.5995203836930456,834,1.6672948134212067,0.6073,0.9982823920879983,0.0833320790442939,,,0.96,,0.9600139182880506,0.039986081711949395,0.9983429050133301,0.09983890435192165,5,0.001,0.1,1.0,0.9951371312825046,0.9972328152218131,0.9960044283626918,0.9960926574138145,0.9966901945623056,0.9966745420926791,0.9967940106701813,0.9958620279335945,0.9966446323796848,0.996382411181034,0.9965754547206391
6,1,1.2575782904199735,0.63996,5000,1.67768069991359,0.592326139088729,834,1.6672948134212067,0.6073,0.9975376305924694,0.08326064119328608,,,0.96,,0.9600139182880506,0.039986081711949395,0.9983429050133301,0.09983890435192165,5,0.001,0.1,0.9951371312825046,1.0,0.9961738991339768,0.9953382994693452,0.9952680996965599,0.9955452530085442,0.9961332208900899,0.9952743310380754,0.9959372849697485,0.9957323516551373,0.9953494333262971,0.9952835917690417
6,2,1.2527151293056027,0.63488,5000,1.6924310304500438,0.5707434052757794,834,1.6672948134212067,0.6073,0.9989355410065667,0.0833640930957205,,,0.96,,0.9600139182880506,0.039986081711949395,0.9983429050133301,0.09983890435192165,5,0.001,0.1,0.9972328152218131,0.9961738991339768,1.0,0.9971495810933688,0.9971642724666249,0.9974829299601341,0.997131255939595,0.9970901003180085,0.9965169535046706,0.9977742777217051,0.9972724844345794,0.9969266326345452
6,3,1.2402275831836045,0.6484,5000,1.6510874606944896,0.6330935251798561,834,1.6672948134212067,0.6073,0.9981929469152893,0.08332856432843537,,,0.96,,0.9600139182880506,0.039986081711949395,0.9983429050133301,0.09983890435192165,5,0.001,0.1,0.9960044283626918,0.9953382994693452,0.9971495810933688,1.0,0.9967418819914363,0.9964060210643485,0.9960163961091555,0.9966326344914417,0.9959793918263182,0.996595199632448,0.9961933147093547,0.9959618910450571
6,4,1.242408795873071,0.65828,5000,1.6768019949948345,0.6134453781512605,833,1.6672948134212067,0.6073,0.9984096648877795,0.08333398575919634,,,0.96,,0.9600139182880506,0.039986081711949395,0.9983429050133301,0.09983890435192165,5,0.001,0.1,0.9960926574138145,0.9952680996965599,0.9971642724666249,0.9967418819914363,1.0,0.9970696853625315,0.9967736341141546,0.9964283710890215,0.9962152990955717,0.9972023388492922,0.9963554954211442,0.9963033872691971
6,5,1.2484252701899048,0.64432,5000,1.6571474472681682,0.6482593037214885,833,1.6672948134212067,0.6073,0.9985448366020009,0.08334761991653349,,,0.96,,0.9600139182880506,0.039986081711949395,0.9983429050133301,0.09983890435192165,5,0.001,0.1,0.9966901945623056,0.9955452530085442,0.9974829299601341,0.9964060210643485,0.9970696853625315,1.0,0.9969620269334777,0.996525728070376,0.996407922825892,0.997150458592695,0.9965204217589306,0.9964735612637162
6,6,1.2376350889540022,0.6516,5000,1.6747637942985252,0.595438175270108,833,1.6672948134212067,0.6073,0.9986233267345342,0.08334859625335711,,,0.96,,0.9600139182880506,0.039986081711949395,0.9983429050133301,0.09983890435192165,5,0.001,0.1,0.9966745420926791,0.9961332208900899,0.997131255939595,0.9960163961091555,0.9967736341141546,0.9969620269334777,1.0,0.9969416979564538,0.996870784094688,0.9974894161347415,0.996539256821533,0.9966429633872765
6,7,1.2424428438684743,0.6486,5000,1.6781887919814498,0.5846338535414166,833,1.6672948134212067,0.6073,0.9984434773524978,0.08333780878043796,,,0.96,,0.9600139182880506,0.039986081711949395,0.9983429050133301,0.09983890435192165,5,0.001,0.1,0.9967940106701813,0.9952743310380754,0.9970901003180085,0.9966326344914417,0.9964283710890215,0.996525728070376,0.9969416979564538,1.0,0.9965176791188749,0.9967318589141326,0.9967351969006585,0.9963486671395327
6,8,1.2344821392350895,0.65916,5000,1.68937909161603,0.6146458583433373,833,1.6672948134212067,0.6073,0.998305520027058,0.08332762830844277,,,0.96,,0.9600139182880506,0.039986081711949395,0.9983429050133301,0.09983890435192165,5,0.001,0.1,0.9958620279335945,0.9959372849697485,0.9965169535046706,0.9959793918263182,0.9962152990955717,0.996407922825892,0.996870784094688,0.9965176791188749,1.0,0.9971529128475923,0.9965586931185246,0.9963495802357811
6,9,1.24003442768838,0.65648,5000,1.688298393178869,0.5882352941176471,833,1.6672948134212067,0.6073,0.9987986125857634,0.08336428602357507,,,0.96,,0.9600139182880506,0.039986081711949395,0.9983429050133301,0.09983890435192165,5,0.001,0.1,0.9966446323796848,0.9957323516551373,0.9977742777217051,0.996595199632448,0.9972023388492922,0.997150458592695,0.9974894161347415,0.9967318589141326,0.9971529128475923,1.0,0.9969521360825483,0.9968486370196826
6,10,1.2331730318676895,0.65248,5000,1.6735005687784266,0.6134453781512605,833,1.6672948134212067,0.6073,0.9983453025259509,0.08333337106478118,,,0.96,,0.9600139182880506,0.039986081711949395,0.9983429050133301,0.09983890435192165,5,0.001,0.1,0.996382411181034,0.9953494333262971,0.9972724844345794,0.9961933147093547,0.9963554954211442,0.9965204217589306,0.996539256821533,0.9967351969006585,0.9965586931185246,0.9969521360825483,1.0,0.9959852972919313
6,11,1.2577840305437709,0.64084,5000,1.666338907347785,0.6338535414165666,833,1.6672948134212067,0.6073,0.9982497112070228,0.08332132623194025,,,0.96,,0.9600139182880506,0.039986081711949395,0.9983429050133301,0.09983890435192165,5,0.001,0.1,0.9965754547206391,0.9952835917690417,0.9969266326345452,0.9959618910450571,0.9963033872691971,0.9964735612637162,0.9966429633872765,0.9963486671395327,0.9963495802357811,0.9968486370196826,0.9959852972919313,1.0
7,0,1.163220390468646,0.65924,5000,1.5220302961490773,0.6402877697841727,834,1.5314494676102464,0.639,0.9978772320515699,0.0833295066263046,,,0.96,,0.9600139182880506,0.039986081711949395,0.9977954792937714,0.09979718827290203,5,0.001,0.1,1.0,0.9938835985099683,0.9962190292261873,0.9954013050997955,0.9949659856467817,0.9957020999771218,0.9958582716720649,0.995912108489817,0.9951172855729892,0.9960520586879721,0.9955980721450056,0.9955312426721663
7,1,1.17447666415743,0.6522,5000,1.542563177921154,0.6235011990407674,834,1.5314494676102464,0.639,0.997018171198406,0.08325795432389634,,,0.96,,0.9600139182880506,0.039986081711949395,0.9977954792937714,0.09979718827290203,5,0.001,0.1,0.9938835985099683,1.0,0.9951237928713098,0.9942428034132471,0.994120079048798,0.9945386758361656,0.9950469535999795,0.9943111198289951,0.995100236010237,0.9951394851524789,0.9944448192108047,0.9940078100492762
