round,client_id,client_i_training_loss,client_i_training_accuracy,client_i_training_dataset_size,client_i_evaluation_loss,client_i_evaluation_accuracy,client_i_evaluation_dataset_size,client_i_central_evaluation_loss,client_i_central_evaluation_accuracy,client_i_cosine_similarity,client_i_importance_coefficient,client_i_tanh_val,tanh_normalization_value,client_i_q,client_i_mask_order,client_i_v_nonzero_fraction,client_i_v_sparsity,client_i_v_cosine_similarity,client_i_reward_gradient_norm,local_epochs,learning_rate,gamma,client_0_cosine_similarity,client_1_cosine_similarity,client_2_cosine_similarity,client_3_cosine_similarity,client_4_cosine_similarity,client_5_cosine_similarity,client_6_cosine_similarity,client_7_cosine_similarity,client_8_cosine_similarity,client_9_cosine_similarity,client_10_cosine_similarity,client_11_cosine_similarity
0,0,2.198380097765831,0.2792,5000,2.264752229054769,0.26019184652278177,834,2.2626048604520363,0.2391,0.9914448306122484,0.08300913629123849,,,1.0,,1.0,0.0,0,0.09953169998284492,5,0.001,0.1,1.0,0.985536317827987,0.9851809429174998,0.9865234705275051,0.9899336715487408,0.9894257495413616,0.9847912133119199,0.9861462336301414,0.9836780262921405,0.9861210957314115,0.9862637061866907,0.9780220251994165
0,1,2.198981593520778,0.3554,5000,2.262717767998024,0.25539568345323743,834,2.2626048604520363,0.2391,0.996176238169063,0.08340527538300266,,,1.0,,1.0,0.0,0,0.09953169998284492,5,0.001,0.1,0.985536317827987,1.0,0.990090960121933,0.9866458029885221,0.991574686695181,0.9908760656485266,0.991073397186125,0.99296831242984,0.9910700463852098,0.994606798139505,0.9930897346831049,0.9906013347312269
0,2,2.2016356437828892,0.3472,5000,2.257572023956864,0.24820143884892087,834,2.2626048604520363,0.2391,0.9959969564311878,0.08339026494394007,,,1.0,,1.0,0.0,0,0.09953169998284492,5,0.001,0.1,0.9851809429174998,0.990090960121933,1.0,0.9892539195980078,0.9905499817563422,0.988613889122117,0.9921120814225253,0.9921123606885323,0.9931447543489567,0.9935383264465634,0.9924281677818259,0.9889667671662542
0,3,2.1999102196116356,0.32836,5000,2.2632992974034063,0.21342925659472423,834,2.2626048604520363,0.2391,0.9938891305953027,0.0832137863374793,,,1.0,,1.0,0.0,0,0.09953169998284492,5,0.001,0.1,0.9865234705275051,0.9866458029885221,0.9892539195980078,1.0,0.9881385037295952,0.9917713761032799,0.9892960993545908,0.987426685704906,0.9899377403184548,0.9884127920524447,0.9864683428453227,0.9869419593941927
0,4,2.1970735530185093,0.30504,5000,2.263674594737865,0.22448979591836735,833,2.2626048604520363,0.2391,0.9961003875930136,0.08339892476155539,,,1.0,,1.0,0.0,0,0.09953169998284492,5,0.001,0.1,0.9899336715487408,0.991574686695181,0.9905499817563422,0.9881385037295952,1.0,0.9920935172218697,0.9913679430726854,0.9936646042923266,0.9898454370206049,0.991515363631059,0.993332932242008,0.9852108707681633
0,5,2.1964801065481394,0.3472,5000,2.2585191550078214,0.24129651860744297,833,2.2626048604520363,0.2391,0.995512419385998,0.08334969687562156,,,1.0,,1.0,0.0,0,0.09953169998284492,5,0.001,0.1,0.9894257495413616,0.9908760656485266,0.988613889122117,0.9917713761032799,0.9920935172218697,1.0,0.9902203699648312,0.9933267021850947,0.9880397521508296,0.990157514349631,0.988452527415201,0.9872274711943131
0,6,2.2021280868797546,0.35872,5000,2.258887193821095,0.22448979591836735,833,2.2626048604520363,0.2391,0.9961228386203735,0.08340080448328317,,,1.0,,1.0,0.0,0,0.09953169998284492,5,0.001,0.1,0.9847912133119199,0.991073397186125,0.9921120814225253,0.9892960993545908,0.9913679430726854,0.9902203699648312,1.0,0.9932541894150798,0.9912694938268966,0.9928491474765915,0.9904132646929428,0.9908484638304575
0,7,2.1971667485631956,0.3408,5000,2.260984023412069,0.22569027611044418,833,2.2626048604520363,0.2391,0.9965789347569445,0.08343899132454105,,,1.0,,1.0,0.0,0,0.09953169998284492,5,0.001,0.1,0.9861462336301414,0.99296831242984,0.9921123606885323,0.987426685704906,0.9936646042923266,0.9933267021850947,0.9932541894150798,1.0,0.9909704692287932,0.992661512192507,0.9924025953798996,0.9880095201470109
0,8,2.2013274127510702,0.32956,5000,2.2647882479208485,0.25090036014405764,833,2.2626048604520363,0.2391,0.9957740997362009,0.08337160617322849,,,1.0,,1.0,0.0,0,0.09953169998284492,5,0.001,0.1,0.9836780262921405,0.9910700463852098,0.9931447543489567,0.9899377403184548,0.9898454370206049,0.9880397521508296,0.9912694938268966,0.9909704692287932,1.0,0.9936675908408847,0.9920073635067449,0.9896997200179377
0,9,2.1995517108091125,0.35964,5000,2.2641693221198187,0.2304921968787515,833,2.2626048604520363,0.2391,0.9968847624198187,0.08346459687450744,,,1.0,,1.0,0.0,0,0.09953169998284492,5,0.001,0.1,0.9861210957314115,0.994606798139505,0.9935383264465634,0.9884127920524447,0.991515363631059,0.990157514349631,0.9928491474765915,0.992661512192507,0.9936675908408847,1.0,0.9932192335365823,0.9898465572860312
0,10,2.1929916157084666,0.3432,5000,2.269096127262822,0.24369747899159663,833,2.2626048604520363,0.2391,0.996030603250154,0.08339308203803861,,,1.0,,1.0,0.0,0,0.09953169998284492,5,0.001,0.1,0.9862637061866907,0.9930897346831049,0.9924281677818259,0.9864683428453227,0.993332932242008,0.988452527415201,0.9904132646929428,0.9924025953798996,0.9920073635067449,0.9932192335365823,1.0,0.9883161532705461
0,11,2.1976700644584217,0.32804,5000,2.2534159112859657,0.25090036014405764,833,2.2626048604520363,0.2391,0.9932925158151307,0.08316383451356381,,,1.0,,1.0,0.0,0,0.09953169998284492,5,0.001,0.1,0.9780220251994165,0.9906013347312269,0.9889667671662542,0.9869419593941927,0.9852108707681633,0.9872274711943131,0.9908484638304575,0.9880095201470109,0.9896997200179377,0.9898465572860312,0.9883161532705461,1.0
1,0,2.034503493491252,0.4324,5000,2.2097779556556985,0.4364508393285372,834,2.206398054433707,0.4328,0.997375485820289,0.08311016299033795,,,1.0,,1.0,0.0,0.9503858845034182,0.09981295335359443,5,0.001,0.1,1.0,0.9954685033946062,0.9953193378981409,0.9953916248793533,0.9963174093217141,0.9966181732063066,0.994331194770573,0.9948670711847747,0.9941205235012334,0.9948805083034825,0.9955692054653631,0.9932508536899254
1,1,2.0282138655899438,0.46848,5000,2.206614609117861,0.4412470023980815,834,2.206398054433707,0.4328,0.9985207785960347,0.08339010559517981,,,1.0,,1.0,0.0,0.9503858845034182,0.09981295335359443,5,0.001,0.1,0.9954685033946062,1.0,0.9959108925121991,0.9949900805417474,0.997293633994994,0.9970053959995498,0.9958819790232758,0.9974304535332348,0.996233697001149,0.9968671375762922,0.9968951373253028,0.9958476599271885
1,2,2.036284655674248,0.45216,5000,2.1985161745989763,0.4628297362110312,834,2.206398054433707,0.4328,0.9983353486032522,0.08337491303272226,,,1.0,,1.0,0.0,0.9503858845034182,0.09981295335359443,5,0.001,0.1,0.9953193378981409,0.9959108925121991,1.0,0.9962664640000388,0.9961929199715794,0.9955654560028759,0.9964089078491911,0.9963206273039302,0.9966990761751552,0.9969132663048046,0.9966190576753603,0.9953906669490838
1,3,2.0304164207665023,0.45108,5000,2.207991185011687,0.42326139088729015,834,2.206398054433707,0.4328,0.9978236868843663,0.08325015315103061,,,1.0,,1.0,0.0,0.9503858845034182,0.09981295335359443,5,0.001,0.1,0.9953916248793533,0.9949900805417474,0.9962664640000388,1.0,0.9952647421691533,0.9967257470400893,0.9958363195977782,0.9949668034864791,0.9962927252553164,0.9957486753974505,0.9946641104589923,0.9953459214045699
1,4,2.0307076727508737,0.43204,5000,2.205149014790853,0.4489795918367347,833,2.206398054433707,0.4328,0.9985020543658155,0.0833856060125445,,,1.0,,1.0,0.0,0.9503858845034182,0.09981295335359443,5,0.001,0.1,0.9963174093217141,0.997293633994994,0.9961929199715794,0.9952647421691533,1.0,0.9970274101271953,0.9960203253785023,0.9973900168224116,0.9956909908267518,0.9965296422364165,0.9969908722691168,0.9948847363506442
1,5,2.0214950719456763,0.47088,5000,2.202814190476029,0.45138055222088835,833,2.206398054433707,0.4328,0.9984588034910988,0.0833540160137852,,,1.0,,1.0,0.0,0.9503858845034182,0.09981295335359443,5,0.001,0.1,0.9966181732063066,0.9970053959995498,0.9955654560028759,0.9967257470400893,0.9970274101271953,1.0,0.9962358812781181,0.9969722701936333,0.9952790580827968,0.9964380356575977,0.9957261289960025,0.9954996490585603
1,6,2.0381679270677506,0.48524,5000,2.2007885332460755,0.4129651860744298,833,2.206398054433707,0.4328,0.9980688665121378,0.08337277500542306,,,1.0,,1.0,0.0,0.9503858845034182,0.09981295335359443,5,0.001,0.1,0.994331194770573,0.9958819790232758,0.9964089078491911,0.9958363195977782,0.9960203253785023,0.9962358812781181,1.0,0.9967849021520889,0.9955702947986926,0.9961011367572935,0.9949081517061541,0.9963352466833442
1,7,2.026697589029932,0.46444,5000,2.2032119344781944,0.41536614645858344,833,2.206398054433707,0.4328,0.9984540584265312,0.08340863135832427,,,1.0,,1.0,0.0,0.9503858845034182,0.09981295335359443,5,0.001,0.1,0.9948670711847747,0.9974304535332348,0.9963206273039302,0.9949668034864791,0.9973900168224116,0.9969722701936333,0.9967849021520889,1.0,0.9959084563535544,0.9964731229760277,0.9968079404934986,0.9950985783687588
1,8,2.0354752657519786,0.4654,5000,2.2105561009159795,0.44537815126050423,833,2.206398054433707,0.4328,0.997972768454289,0.08335176411244193,,,1.0,,1.0,0.0,0.9503858845034182,0.09981295335359443,5,0.001,0.1,0.9941205235012334,0.996233697001149,0.9966990761751552,0.9962927252553164,0.9956909908267518,0.9952790580827968,0.9955702947986926,0.9959084563535544,1.0,0.9963244697392311,0.9958129804157845,0.9953304465971218
1,9,2.0336222227971263,0.4732,5000,2.2078267644952843,0.3817527010804322,833,2.206398054433707,0.4328,0.9983727403037831,0.08342171139050499,,,1.0,,1.0,0.0,0.9503858845034182,0.09981295335359443,5,0.001,0.1,0.9948805083034825,0.9968671375762922,0.9969132663048046,0.9957486753974505,0.9965296422364165,0.9964380356575977,0.9961011367572935,0.9964731229760277,0.9963244697392311,1.0,0.9961845602277205,0.9955884548567565
1,10,2.0245594900884445,0.43984,5000,2.2147055113757097,0.4117647058823529,833,2.206398054433707,0.4328,0.9981497339609533,0.08337064898142262,,,1.0,,1.0,0.0,0.9503858845034182,0.09981295335359443,5,0.001,0.1,0.9955692054653631,0.9968951373253028,0.9966190576753603,0.9946641104589923,0.9969908722691168,0.9957261289960025,0.9949081517061541,0.9968079404934986,0.9958129804157845,0.9961845602277205,1.0,0.9952041403565283
1,11,2.0272163934768384,0.47336,5000,2.1963959093447083,0.46218487394957986,833,2.206398054433707,0.4328,0.9975138193628149,0.08320951235628268,,,1.0,,1.0,0.0,0.9503858845034182,0.09981295335359443,5,0.001,0.1,0.9932508536899254,0.9958476599271885,0.9953906669490838,0.9953459214045699,0.9948847363506442,0.9954996490585603,0.9963352466833442,0.9950985783687588,0.9953304465971218,0.9955884548567565,0.9952041403565283,1.0
2,0,1.8237291249499958,0.52576,5000,2.1380860452298767,0.48081534772182255,834,2.1333943167433573,0.4891,0.9984664876156678,0.08318811545892899,,,1.0,,1.0,0.0,0.9853233780426278,0.09987259448439773,5,0.001,0.1,1.0,0.9973439572736892,0.9969094416461003,0.9971361995162711,0.9973477904557275,0.9977511376189537,0.9963738288603275,0.99694151361392,0.9966598321605632,0.9969339111120135,0.9970229117081629,0.995918570305842
2,1,1.8150043903642399,0.54976,5000,2.1339100378530995,0.4904076738609113,834,2.1333943167433573,0.4891,0.9990103136854237,0.08337732928962442,,,1.0,,1.0,0.0,0.9853233780426278,0.09987259448439773,5,0.001,0.1,0.9973439572736892,1.0,0.9974662953244966,0.9969407855879698,0.9977377826786522,0.9978057072665354,0.9973587953103871,0.9978127235859581,0.9975291056981782,0.9977804383764874,0.9978135606641596,0.9972571779286287
2,2,1.8225884065506563,0.5324,5000,2.121727572547065,0.5335731414868106,834,2.1333943167433573,0.4891,0.9988306781251746,0.0833622155688326,,,1.0,,1.0,0.0,0.9853233780426278,0.09987259448439773,5,0.001,0.1,0.9969094416461003,0.9974662953244966,1.0,0.997223251574709,0.9972103258694521,0.9969244251097279,0.9975099699762262,0.9973850199755664,0.9975929650196534,0.9976795190564747,0.9977239025584473,0.9970686312307699
2,3,1.8164515483151575,0.5288,5000,2.1354910091117576,0.473621103117506,834,2.1333943167433573,0.4891,0.9985209951832047,0.08327571739781368,,,1.0,,1.0,0.0,0.9853233780426278,0.09987259448439773,5,0.001,0.1,0.9971361995162711,0.9969407855879698,0.997223251574709,1.0,0.9966779455561215,0.9978632815236831,0.9968627610437993,0.9967936462866449,0.9971354028779855,0.9970530531232702,0.9965044156406645,0.9967985191006692
2,4,1.8196596750028573,0.51996,5000,2.1301558989065663,0.5054021608643458,833,2.1333943167433573,0.4891,0.9987829176689358,0.08336723114468625,,,1.0,,1.0,0.0,0.9853233780426278,0.09987259448439773,5,0.001,0.1,0.9973477904557275,0.9977377826786522,0.9972103258694521,0.9966779455561215,1.0,0.9975404640406732,0.9969533205291766,0.9978497266961895,0.9970182699856485,0.9974642351054323,0.9977802179845524,0.9965405961000908
2,5,1.8032235195682307,0.54916,5000,2.1298486126793756,0.4909963985594238,833,2.1333943167433573,0.4891,0.9988767214008321,0.0833508873979137,,,1.0,,1.0,0.0,0.9853233780426278,0.09987259448439773,5,0.001,0.1,0.9977511376189537,0.9978057072665354,0.9969244251097279,0.9978632815236831,0.9975404640406732,1.0,0.9971593756084395,0.9976216012587351,0.9968341686152653,0.9976159665673526,0.997160283434364,0.9969726749302894
2,6,1.824973319138691,0.56532,5000,2.1256852238266557,0.4909963985594238,833,2.1333943167433573,0.4891,0.9986113228383157,0.08335382504943008,,,1.0,,1.0,0.0,0.9853233780426278,0.09987259448439773,5,0.001,0.1,0.9963738288603275,0.9973587953103871,0.9975099699762262,0.9968627610437993,0.9969533205291766,0.9971593756084395,1.0,0.9976254385155906,0.9968493619757218,0.9971845823166602,0.9968753851008386,0.997311677795883
2,7,1.8087621436756887,0.55196,5000,2.1274347923420094,0.4729891956782713,833,2.1333943167433573,0.4891,0.9988530709040758,0.08338361454199766,,,1.0,,1.0,0.0,0.9853233780426278,0.09987259448439773,5,0.001,0.1,0.99694151361392,0.9978127235859581,0.9973850199755664,0.9967936462866449,0.9978497266961895,0.9976216012587351,0.9976254385155906,1.0,0.9972855275588793,0.9972922986830478,0.9976341978018168,0.996718156618929
2,8,1.8198734573497894,0.54596,5000,2.140600495868259,0.503001200480192,833,2.1333943167433573,0.4891,0.9986613403166446,0.08334255531365121,,,1.0,,1.0,0.0,0.9853233780426278,0.09987259448439773,5,0.001,0.1,0.9966598321605632,0.9975291056981782,0.9975929650196534,0.9971354028779855,0.9970182699856485,0.9968341686152653,0.9968493619757218,0.9972855275588793,1.0,0.9975381260895697,0.9972512063991068,0.9969709477130593
2,9,1.8166050910949707,0.55648,5000,2.1346201366848416,0.44537815126050423,833,2.1333943167433573,0.4891,0.9988820707706787,0.0833925712333225,,,1.0,,1.0,0.0,0.9853233780426278,0.09987259448439773,5,0.001,0.1,0.9969339111120135,0.9977804383764874,0.9976795190564747,0.9970530531232702,0.9974642351054323,0.9976159665673526,0.9971845823166602,0.9972922986830478,0.9975381260895697,1.0,0.9975821377600563,0.9971839375118906
2,10,1.812298939941795,0.51544,5000,2.1436360058961093,0.46938775510204084,833,2.1333943167433573,0.4891,0.998799209608079,0.08335858521392833,,,1.0,,1.0,0.0,0.9853233780426278,0.09987259448439773,5,0.001,0.1,0.9970229117081629,0.9978135606641596,0.9977239025584473,0.9965044156406645,0.9977802179845524,0.997160283434364,0.9968753851008386,0.9976341978018168,0.9972512063991068,0.9975821377600563,1.0,0.9969675410572555
2,11,1.8119528346760259,0.55164,5000,2.122085959823043,0.5126050420168067,833,2.1333943167433573,0.4891,0.9984142887546862,0.08324735238987045,,,1.0,,1.0,0.0,0.9853233780426278,0.09987259448439773,5,0.001,0.1,0.995918570305842,0.9972571779286287,0.9970686312307699,0.9967985191006692,0.9965405961000908,0.9969726749302894,0.997311677795883,0.996718156618929,0.9969709477130593,0.9971839375118906,0.9969675410572555,1.0
3,0,1.6365882818865929,0.57904,5000,2.0484223983905934,0.5371702637889688,834,2.042185775388163,0.5444,0.9985032763376165,0.0832365750985544,,,1.0,,1.0,0.0,0.9957052811553583,0.09987422596087978,5,0.001,0.1,1.0,0.9973142454525802,0.9969482784844451,0.9970730510287175,0.9970206333732703,0.9976183451867111,0.9965172677556621,0.9971950661551929,0.9971646819838015,0.9970690086469003,0.9967663575029404,0.9962864473515172
3,1,1.625362724027816,0.594,5000,2.0430747226432517,0.5479616306954437,834,2.042185775388163,0.5444,0.9990676041816701,0.08337081435050792,,,1.0,,1.0,0.0,0.9957052811553583,0.09987422596087978,5,0.001,0.1,0.9973142454525802,1.0,0.9976560932695564,0.9971181074057657,0.9977756720246989,0.9977879698386983,0.9975717964757205,0.9979672799911359,0.9976155108951431,0.9978675002999089,0.9976643835640254,0.9973911103661135
3,2,1.632203410157732,0.58676,5000,2.025762610965305,0.5779376498800959,834,2.042185775388163,0.5444,0.9988192015842446,0.08335352969941418,,,1.0,,1.0,0.0,0.9957052811553583,0.09987422596087978,5,0.001,0.1,0.9969482784844451,0.9976560932695564,1.0,0.9972427486654338,0.9973510217664202,0.9969166861106613,0.9974554288398221,0.9974837848998211,0.9975566508923114,0.9972848170477606,0.9977067311539131,0.9971510573357004
3,3,1.6265639725764087,0.57768,5000,2.0447580593603627,0.5203836930455635,834,2.042185775388163,0.5444,0.9985694505409727,0.08329242845606302,,,1.0,,1.0,0.0,0.9957052811553583,0.09987422596087978,5,0.001,0.1,0.9970730510287175,0.9971181074057657,0.9972427486654338,1.0,0.9967490634693567,0.9977163614540954,0.9970328443567715,0.9969095324898126,0.9971940015779133,0.9971041880593365,0.9966127895497778,0.997011613155179
3,4,1.6331716918641594,0.57784,5000,2.0364599095450506,0.5450180072028812,833,2.042185775388163,0.5444,0.9987825727167384,0.08335542310755861,,,1.0,,1.0,0.0,0.9957052811553583,0.09987422596087978,5,0.001,0.1,0.9970206333732703,0.9977756720246989,0.9973510217664202,0.9967490634693567,1.0,0.9973634600564517,0.9971986276926457,0.9978105427082746,0.997179491231054,0.9974139151561077,0.9975830821527751,0.9968678238706478
3,5,1.6121110099895744,0.59368,5000,2.0388847015522145,0.531812725090036,833,2.042185775388163,0.5444,0.9988463106176783,0.08334745815564569,,,1.0,,1.0,0.0,0.9957052811553583,0.09987422596087978,5,0.001,0.1,0.9976183451867111,0.9977879698386983,0.9969166861106613,0.9977163614540954,0.9973634600564517,1.0,0.9970889675907438,0.9975730210515312,0.9969420826463261,0.9977037698965187,0.9971770057590293,0.9971923762455412
3,6,1.6332192906148875,0.6088,5000,2.032111000131678,0.5570228091236494,833,2.042185775388163,0.5444,0.998646793286031,0.08334282035064451,,,1.0,,1.0,0.0,0.9957052811553583,0.09987422596087978,5,0.001,0.1,0.9965172677556621,0.9975717964757205,0.9974554288398221,0.9970328443567715,0.9971986276926457,0.9970889675907438,1.0,0.9973666340133909,0.9968182246532373,0.9970866815351234,0.9972209326408414,0.9973296494725967
3,7,1.6179459737364654,0.60404,5000,2.0322473314073353,0.5378151260504201,833,2.042185775388163,0.5444,0.998850350698587,0.08336765688772822,,,1.0,,1.0,0.0,0.9957052811553583,0.09987422596087978,5,0.001,0.1,0.9971950661551929,0.9979672799911359,0.9974837848998211,0.9969095324898126,0.9978105427082746,0.9975730210515312,0.9973666340133909,1.0,0.9974084178191462,0.9970542237479867,0.9973748785887588,0.9969824285066697
3,8,1.6285866011479857,0.59592,5000,2.0536767994916,0.5438175270108043,833,2.042185775388163,0.5444,0.9986814451156916,0.08333702807394362,,,1.0,,1.0,0.0,0.9957052811553583,0.09987422596087978,5,0.001,0.1,0.9971646819838015,0.9976155108951431,0.9975566508923114,0.9971940015779133,0.997179491231054,0.9969420826463261,0.9968182246532373,0.9974084178191462,1.0,0.9972424458375162,0.9970794268315877,0.99690253730232
3,9,1.6260450969835756,0.60164,5000,2.042999267578125,0.5102040816326531,833,2.042185775388163,0.5444,0.9988155473003978,0.08337202590973534,,,1.0,,1.0,0.0,0.9957052811553583,0.09987422596087978,5,0.001,0.1,0.9970690086469003,0.9978675002999089,0.9972848170477606,0.9971041880593365,0.9974139151561077,0.9977037698965187,0.9970866815351234,0.9970542237479867,0.9972424458375162,1.0,0.9974842116253873,0.9973982698637059
3,10,1.6245883701713222,0.57516,5000,2.054380081318043,0.5582232893157263,833,2.042185775388163,0.5444,0.9987519462834131,0.08334913297659606,,,1.0,,1.0,0.0,0.9957052811553583,0.09987422596087978,5,0.001,0.1,0.9967663575029404,0.9976643835640254,0.9977067311539131,0.9966127895497778,0.9975830821527751,0.9971770057590293,0.9972209326408414,0.9973748785887588,0.9970794268315877,0.9974842116253873,1.0,0.997276808045731
3,11,1.618671085120766,0.5964,5000,2.0289592213100858,0.5654261704681873,833,2.042185775388163,0.5444,0.9985716799437734,0.08327510693360861,,,1.0,,1.0,0.0,0.9957052811553583,0.09987422596087978,5,0.001,0.1,0.9962864473515172,0.9973911103661135,0.9971510573357004,0.997011613155179,0.9968678238706478,0.9971923762455412,0.9973296494725967,0.9969824285066697,0.99690253730232,0.9973982698637059,0.997276808045731,1.0
4,0,1.4828626787586576,0.6118,5000,1.9417717942485102,0.5743405275779376,834,1.9341334458738089,0.5826,0.9985279394102478,0.08327142736907897,,,1.0,,1.0,0.0,0.9975024925828979,0.0998607628804078,5,0.001,0.1,1.0,0.9972136515123446,0.9967904742253867,0.9970490612351341,0.9969294697287193,0.9972026726525846,0.9965669985003953,0.9972318687529305,0.996931506078293,0.9969155385502187,0.9967040949909435,0.9961189655960488
4,1,1.4721268979607114,0.62264,5000,1.9353991658599288,0.5719424460431655,834,1.9341334458738089,0.5826,0.9989365202983552,0.083366934546644,,,1.0,,1.0,0.0,0.9975024925828979,0.0998607628804078,5,0.001,0.1,0.9972136515123446,1.0,0.9973447546772469,0.9970165727186305,0.9975607412541092,0.9973989518256151,0.99726713867045,0.9976990448137177,0.997312367842455,0.9974494085256386,0.9973059188243645,0.9969770046079584
4,2,1.4767486292845124,0.62088,5000,1.912410956841928,0.6139088729016786,834,1.9341334458738089,0.5826,0.9986402676716106,0.08334677332498758,,,1.0,,1.0,0.0,0.9975024925828979,0.0998607628804078,5,0.001,0.1,0.9967904742253867,0.9973447546772469,1.0,0.9970676565148319,0.9970729009749302,0.9965750051753608,0.9969088432134569,0.9972279176221374,0.997147587294991,0.9967905525109395,0.9974595542887404,0.9966108432177532
4,3,1.4728923669286593,0.61408,5000,1.937357160780165,0.5611510791366906,834,1.9341334458738089,0.5826,0.9985433135880373,0.08330617474211958,,,1.0,,1.0,0.0,0.9975024925828979,0.0998607628804078,5,0.001,0.1,0.9970490612351341,0.9970165727186305,0.9970676565148319,1.0,0.9966837254464548,0.9974925980135152,0.9967223009620939,0.9970301460952202,0.9965776208036272,0.9968094526583049,0.9967404913667939,0.9966474618199866
4,4,1.481671379554044,0.61228,5000,1.9256690210766263,0.581032412965186,833,1.9341334458738089,0.5826,0.9987111447907275,0.08335022201847389,,,1.0,,1.0,0.0,0.9975024925828979,0.0998607628804078,5,0.001,0.1,0.9969294697287193,0.9975607412541092,0.9970729009749302,0.9966837254464548,1.0,0.9970145236776886,0.997069872725563,0.9976388614284486,0.9968515671912231,0.9971372068748775,0.9973693185526323,0.9965165937366683
4,5,1.458608235902847,0.62764,5000,1.931024149612144,0.5858343337334934,833,1.9341334458738089,0.5826,0.9986284803525044,0.0833426696082229,,,1.0,,1.0,0.0,0.9975024925828979,0.0998607628804078,5,0.001,0.1,0.9972026726525846,0.9973989518256151,0.9965750051753608,0.9974925980135152,0.9970145236776886,1.0,0.996731733986501,0.9973447169478297,0.9966273747678336,0.9970287262441251,0.9967033801030196,0.9967361988894092
4,6,1.4789918388530707,0.63368,5000,1.9216673374176025,0.5870348139255702,833,1.9341334458738089,0.5826,0.9984829786222222,0.08333512941421016,,,1.0,,1.0,0.0,0.9975024925828979,0.0998607628804078,5,0.001,0.1,0.9965669985003953,0.99726713867045,0.9969088432134569,0.9967223009620939,0.997069872725563,0.996731733986501,1.0,0.9969848472922008,0.9962215401853656,0.9966449117613694,0.9970371410760136,0.9969564288112945
4,7,1.4646023753342354,0.63376,5000,1.919550719084563,0.575030012004802,833,1.9341334458738089,0.5826,0.9987944369048765,0.08336041247685214,,,1.0,,1.0,0.0,0.9975024925828979,0.0998607628804078,5,0.001,0.1,0.9972318687529305,0.9976990448137177,0.9972279176221374,0.9970301460952202,0.9976388614284486,0.9973447169478297,0.9969848472922008,1.0,0.9971173172963936,0.9967069811251466,0.9972991845457287,0.9965622713476184
4,8,1.4742915336493474,0.6248,5000,1.9510143774527091,0.5726290516206483,833,1.9341334458738089,0.5826,0.998416690671144,0.083329437920418,,,1.0,,1.0,0.0,0.9975024925828979,0.0998607628804078,5,0.001,0.1,0.996931506078293,0.997312367842455,0.997147587294991,0.9965776208036272,0.9968515671912231,0.9966273747678336,0.9962215401853656,0.9971173172963936,1.0,0.9965621829773207,0.996764308888639,0.9962041580944554
4,9,1.4702744210601613,0.63136,5000,1.934510208942272,0.5630252100840336,833,1.9341334458738089,0.5826,0.9985793164522386,0.08335614859686288,,,1.0,,1.0,0.0,0.9975024925828979,0.0998607628804078,5,0.001,0.1,0.9969155385502187,0.9974494085256386,0.9967905525109395,0.9968094526583049,0.9971372068748775,0.9970287262441251,0.9966449117613694,0.9967069811251466,0.9965621829773207,1.0,0.9970980305513862,0.9971225635052569
4,10,1.4720886036848566,0.61232,5000,1.9479841126335993,0.5978391356542617,833,1.9341334458738089,0.5826,0.9986831800786169,0.08334546212384576,,,1.0,,1.0,0.0,0.9975024925828979,0.0998607628804078,5,0.001,0.1,0.9967040949909435,0.9973059188243645,0.9974595542887404,0.9967404913667939,0.9973693185526323,0.9967033801030196,0.9970371410760136,0.9972991845457287,0.996764308888639,0.9970980305513862,1.0,0.9970288109832556
4,11,1.4633706100427422,0.62812,5000,1.9181247508084331,0.6074429771908764,833,1.9341334458738089,0.5826,0.9983467326154074,0.08328920785828407,,,1.0,,1.0,0.0,0.9975024925828979,0.0998607628804078,5,0.001,0.1,0.9961189655960488,0.9969770046079584,0.9966108432177532,0.9966474618199866,0.9965165937366683,0.9967361988894092,0.9969564288112945,0.9965622713476184,0.9962041580944554,0.9971225635052569,0.9970288109832556,1.0
5,0,1.358979114605363,0.63284,5000,1.821015062155547,0.5875299760191847,834,1.8119262849180082,0.6084,0.998230618727233,0.08328938639918286,,,1.0,,1.0,0.0,0.9979099872225626,0.09984159718990775,5,0.001,0.1,1.0,0.9966295790681058,0.9963102705392554,0.9963159493291089,0.9960686718776135,0.9965345817421735,0.9962853013855613,0.9966279612222139,0.9967061599847725,0.9962918793409243,0.9961706442741325,0.9958538800961525
5,1,1.3461974214596353,0.64168,5000,1.8133749741095084,0.5875299760191847,834,1.8119262849180082,0.6084,0.9986607225932659,0.08336184180361257,,,1.0,,1.0,0.0,0.9979099872225626,0.09984159718990775,5,0.001,0.1,0.9966295790681058,1.0,0.997087625053447,0.9961486636685425,0.9969490033023262,0.9964749931259193,0.9970231748471299,0.996964334269998,0.997105927453939,0.9969711121541278,0.9969665451339975,0.9966227754411755
5,2,1.3507460891061527,0.642,5000,1.7850238261399445,0.6294964028776978,834,1.8119262849180082,0.6084,0.9985734299914197,0.0833466597259378,,,1.0,,1.0,0.0,0.9979099872225626,0.09984159718990775,5,0.001,0.1,0.9963102705392554,0.997087625053447,1.0,0.9963931736270888,0.9965385954648746,0.9961620799540292,0.9969061479471076,0.9970548534867693,0.9971111198711791,0.9962631006368274,0.997397739073066,0.9966739734485143
5,3,1.3473056074160679,0.63836,5000,1.815900515626978,0.5935251798561151,834,1.8119262849180082,0.6084,0.9982061662007403,0.08330990696804495,,,1.0,,1.0,0.0,0.9979099872225626,0.09984159718990775,5,0.001,0.1,0.9963159493291089,0.9961486636685425,0.9963931736270888,1.0,0.9961277379783764,0.9971997647204525,0.9961772487026321,0.9964635971717093,0.9960820895939109,0.9960368816427465,0.9962527948406581,0.9963028916845474
5,4,1.3549938648369662,0.63372,5000,1.8003330407319245,0.602641056422569,833,1.8119262849180082,0.6084,0.9983116491805648,0.08334032501463101,,,1.0,,1.0,0.0,0.9979099872225626,0.09984159718990775,5,0.001,0.1,0.9960686718776135,0.9969490033023262,0.9965385954648746,0.9961277379783764,1.0,0.9962061665955803,0.9965374158134386,0.9967381955824364,0.9964641292973657,0.9962216892492929,0.9966938449914438,0.9962164287383372
5,5,1.3333852576602037,0.64732,5000,1.8090151769143563,0.6158463385354142,833,1.8119262849180082,0.6084,0.9983521343541949,0.08333700005253387,,,1.0,,1.0,0.0,0.9979099872225626,0.09984159718990775,5,0.001,0.1,0.9965345817421735,0.9964749931259193,0.9961620799540292,0.9971997647204525,0.9962061665955803,1.0,0.9962156636499546,0.9967145614102065,0.9957705537677951,0.99685486545305,0.9965472762536257,0.9965677323706881
5,6,1.3522325688866292,0.6536,5000,1.7972526682747736,0.6182472989195679,833,1.8119262849180082,0.6084,0.9983711379972114,0.0833329892046296,,,1.0,,1.0,0.0,0.9979099872225626,0.09984159718990775,5,0.001,0.1,0.9962853013855613,0.9970231748471299,0.9969061479471076,0.9961772487026321,0.9965374158134386,0.9962156636499546,1.0,0.9964836023622944,0.9960707673748824,0.9961551630635563,0.9968380094910338,0.9967831947081465
5,7,1.3385739203471287,0.65556,5000,1.7921831784424958,0.6062424969987995,833,1.8119262849180082,0.6084,0.9985667584959239,0.08335480899363286,,,1.0,,1.0,0.0,0.9979099872225626,0.09984159718990775,5,0.001,0.1,0.9966279612222139,0.996964334269998,0.9970548534867693,0.9964635971717093,0.9967381955824364,0.9967145614102065,0.9964836023622944,1.0,0.9969289725769102,0.9963763014542761,0.9971311683017747,0.9963347528456709
5,8,1.3482758849289767,0.64732,5000,1.8353703375215884,0.5990396158463386,833,1.8119262849180082,0.6084,0.9984059059976219,0.08333062096594399,,,1.0,,1.0,0.0,0.9979099872225626,0.09984159718990775,5,0.001,0.1,0.9967061599847725,0.997105927453939,0.9971111198711791,0.9960820895939109,0.9964641292973657,0.9957705537677951,0.9960707673748824,0.9969289725769102,1.0,0.9964227074842333,0.9969396378362605,0.9962902338671472
5,9,1.3432656109712686,0.65028,5000,1.8120888339148626,0.602641056422569,833,1.8119262849180082,0.6084,0.9983238613379706,0.08334435384464473,,,1.0,,1.0,0.0,0.9979099872225626,0.09984159718990775,5,0.001,0.1,0.9962918793409243,0.9969711121541278,0.9962631006368274,0.9960368816427465,0.9962216892492929,0.99685486545305,0.9961551630635563,0.9963763014542761,0.9964227074842333,1.0,0.996578289896176,0.9967364492175461
5,10,1.34829795831328,0.63732,5000,1.826790699252376,0.6350540216086434,833,1.8119262849180082,0.6084,0.9986252305129523,0.08334752760326786,,,1.0,,1.0,0.0,0.9979099872225626,0.09984159718990775,5,0.001,0.1,0.9961706442741325,0.9969665451339975,0.997397739073066,0.9962527948406581,0.9966938449914438,0.9965472762536257,0.9968380094910338,0.9971311683017747,0.9969396378362605,0.996578289896176,1.0,0.9970032722740867
5,11,1.3384539593556883,0.64856,5000,1.7925658181861595,0.6230492196878752,833,1.8119262849180082,0.6084,0.9983634843970536,0.08330457942393797,,,1.0,,1.0,0.0,0.9979099872225626,0.09984159718990775,5,0.001,0.1,0.9958538800961525,0.9966227754411755,0.9966739734485143,0.9963028916845474,0.9962164287383372,0.9965677323706881,0.9967831947081465,0.9963347528456709,0.9962902338671472,0.9967364492175461,0.9970032722740867,1.0
6,0,1.2552069675390887,0.65004,5000,1.6895955977616486,0.6031175059952039,834,1.6796858402105947,0.6294,0.9979088470189077,0.08329892380230967,,,1.0,,1.0,0.0,0.9982269003602674,0.0998139813909057,5,0.001,0.1,1.0,0.9960026751394877,0.9955698848943192,0.9955021171466187,0.9954047635842517,0.9958203949862402,0.9956716062692945,0.9963190932379048,0.9962413994731795,0.995752144493464,0.9953921998544507,0.994956216424046
6,1,1.24353933273607,0.65624,5000,1.6815491914749146,0.6115107913669064,834,1.6796858402105947,0.6294,0.9984282111006042,0.08336012970686803,,,1.0,,1.0,0.0,0.9982269003602674,0.0998139813909057,5,0.001,0.1,0.9960026751394877,1.0,0.9963269667272152,0.9956414825440348,0.9961738766550092,0.9963184676560957,0.9962887576142193,0.9964903555443315,0.9967156642224938,0.9965898985660692,0.9964770465122057,0.9958244138505319
6,2,1.2468470225668258,0.6588,5000,1.647799602261296,0.6426858513189448,834,1.6796858402105947,0.6294,0.9981994460602401,0.08334343302203756,,,1.0,,1.0,0.0,0.9982269003602674,0.0998139813909057,5,0.001,0.1,0.9955698848943192,0.9963269667272152,1.0,0.9953149403674846,0.995821625141442,0.9956887652171386,0.9962993344784641,0.9963059491823966,0.9964847277574678,0.9954648108283056,0.9968399339161201,0.9959931838272305
6,3,1.2455578353754275,0.65628,5000,1.6846871817553486,0.6187050359712231,834,1.6796858402105947,0.6294,0.9977579079751332,0.0833066374782443,,,1.0,,1.0,0.0,0.9982269003602674,0.0998139813909057,5,0.001,0.1,0.9955021171466187,0.9956414825440348,0.9953149403674846,1.0,0.995051883053316,0.9966893216221071,0.9953498523619182,0.9958119830989189,0.9955302221107276,0.9953183270618178,0.9952979015282811,0.9953159169231762
6,4,1.254180632275381,0.65248,5000,1.664896117316352,0.6230492196878752,833,1.6796858402105947,0.6294,0.9980034806687206,0.083333221639746,,,1.0,,1.0,0.0,0.9982269003602674,0.0998139813909057,5,0.001,0.1,0.9954047635842517,0.9961738766550092,0.995821625141442,0.995051883053316,1.0,0.9960182295352101,0.9960361263764309,0.9962629444434409,0.9957290766587871,0.9960393240759355,0.9958556453313733,0.9953694738553402
6,5,1.229233069100957,0.6638,5000,1.6768691804673936,0.6362545018007203,833,1.6796858402105947,0.6294,0.9983635970985262,0.08334280732127428,,,1.0,,1.0,0.0,0.9982269003602674,0.0998139813909057,5,0.001,0.1,0.9958203949862402,0.9963184676560957,0.9956887652171386,0.9966893216221071,0.9960182295352101,1.0,0.9961179905295611,0.9962441526213262,0.995712849902039,0.9966158056326356,0.996382017766497,0.9964693607088347
6,6,1.2484739478985976,0.669,5000,1.6632708620142054,0.6470588235294118,833,1.6796858402105947,0.6294,0.9981086457321733,0.08333211712418981,,,1.0,,1.0,0.0,0.9982269003602674,0.0998139813909057,5,0.001,0.1,0.9956716062692945,0.9962887576142193,0.9962993344784641,0.9953498523619182,0.9960361263764309,0.9961179905295611,1.0,0.9960369981204391,0.9953598240774405,0.9954689957872755,0.9964826844918143,0.995911086963132
6,7,1.2347567392003005,0.66928,5000,1.6544155942069159,0.6266506602641057,833,1.6796858402105947,0.6294,0.9983118472178252,0.08335205979028795,,,1.0,,1.0,0.0,0.9982269003602674,0.0998139813909057,5,0.001,0.1,0.9963190932379048,0.9964903555443315,0.9963059491823966,0.9958119830989189,0.9962629444434409,0.9962441526213262,0.9960369981204391,1.0,0.9964768783923793,0.9954799524580148,0.9965581411190155,0.9954698997223507
6,8,1.2447179511853843,0.662,5000,1.710724879194189,0.6278511404561825,833,1.6796858402105947,0.6294,0.9981859872880469,0.08333316126382746,,,1.0,,1.0,0.0,0.9982269003602674,0.0998139813909057,5,0.001,0.1,0.9962413994731795,0.9967156642224938,0.9964847277574678,0.9955302221107276,0.9957290766587871,0.995712849902039,0.9953598240774405,0.9964768783923793,1.0,0.9957987770802101,0.9964352258613141,0.9954650313722947
6,9,1.2397391921395708,0.66588,5000,1.680226489349648,0.6230492196878752,833,1.6796858402105947,0.6294,0.9980962019443683,0.08333868586625238,,,1.0,,1.0,0.0,0.9982269003602674,0.0998139813909057,5,0.001,0.1,0.995752144493464,0.9965898985660692,0.9954648108283056,0.9953183270618178,0.9960393240759355,0.9966158056326356,0.9954689957872755,0.9954799524580148,0.9957987770802101,1.0,0.9959064192905958,0.9964396165302836
6,10,1.245794855561226,0.65304,5000,1.6944321570573029,0.65906362545018,833,1.6796858402105947,0.6294,0.9983409247574081,0.08334853244780933,,,1.0,,1.0,0.0,0.9982269003602674,0.0998139813909057,5,0.001,0.1,0.9953921998544507,0.9964770465122057,0.9968399339161201,0.9952979015282811,0.9958556453313733,0.996382017766497,0.9964826844918143,0.9965581411190155,0.9964352258613141,0.9959064192905958,1.0,0.9961772159050026
6,11,1.2336631087740515,0.66376,5000,1.6567695008383856,0.6338535414165666,833,1.6796858402105947,0.6294,0.997972294593532,0.08331029053715303,,,1.0,,1.0,0.0,0.9982269003602674,0.0998139813909057,5,0.001,0.1,0.994956216424046,0.9958244138505319,0.9959931838272305,0.9953159169231762,0.9953694738553402,0.9964693607088347,0.995911086963132,0.9954698997223507,0.9954650313722947,0.9964396165302836,0.9961772159050026,1.0
7,0,1.168824325777163,0.65892,5000,1.5534037395759865,0.6247002398081535,834,1.5430645843664297,0.6491,0.997599117312489,0.08330615925627605,,,1.0,,1.0,0.0,0.9985392588784548,0.0997787045587859,5,0.001,0.1,1.0,0.9951439834850528,0.9948440325721405,0.9951251148470199,0.9944773303868538,0.9952023904357334,0.9949741935786428,0.9956569277377947,0.9956258918941742,0.9948307879294109,0.9945102282262095,0.9943086220610358
7,1,1.157212818504139,0.67112,5000,1.5455368933854279,0.6378896882494005,834,1.5430645843664297,0.6491,0.9981351848763622,0.08336101204382057,,,1.0,,1.0,0.0,0.9985392588784548,0.0997787045587859,5,0.001,0.1,0.9951439834850528,1.0,0.9957480458976684,0.9949230386345643,0.9956398213492773,0.9957560594475232,0.9957981284217875,0.99555579257168,0.9960965687964917,0.9954869789121263,0.9956972941323393,0.9952686071624937
7,2,1.1600762329283794,0.66892,5000,1.506912942285891,0.6594724220623501,834,1.5430645843664297,0.6491,0.9978849305731231,0.08334269017710778,,,1.0,,1.0,0.0,0.9985392588784548,0.0997787045587859,5,0.001,0.1,0.9948440325721405,0.9957480458976684,1.0,0.9948225497833298,0.9951083961429267,0.9950294195842824,0.9954768341906539,0.9957438816892309,0.9957691301217662,0.9943171802666619,0.995919688591222,0.9953395375297057
7,3,1.1605980110775893,0.66968,5000,1.5491438044442072,0.6438848920863309,834,1.5430645843664297,0.6491,0.997457152002944,0.0833063075940971,,,1.0,,1.0,0.0,0.9985392588784548,0.0997787045587859,5,0.001,0.1,0.9951251148470199,0.9949230386345643,0.9948225497833298,1.0,0.9941536800640262,0.9961824315775277,0.994608768312615,0.9951144238729144,0.9948184491633456,0.9942551451572658,0.9945161639687929,0.9944796324320411
7,4,1.1675998333912747,0.6666,5000,1.5251758098602295,0.6398559423769508,833,1.5430645843664297,0.6491,0.9976501526552797,0.08332884624746409,,,1.0,,1.0,0.0,0.9985392588784548,0.0997787045587859,5,0.001,0.1,0.9944773303868538,0.9956398213492773,0.9951083961429267,0.9941536800640262,1.0,0.9951552707298569,0.9953638550903784,0.9954586658635426,0.9950052606260419,0.9949222718733112,0.995148681521132,0.9948746505390191
7,5,1.14151337739009,0.67764,5000,1.5397757291793823,0.65906362545018,833,1.5430645843664297,0.6491,0.998079007556045,0.08334857226976898,,,1.0,,1.0,0.0,0.9985392588784548,0.0997787045587859,5,0.001,0.1,0.9952023904357334,0.9957560594475232,0.9950294195842824,0.9961824315775277,0.9951552707298569,1.0,0.9952873774096485,0.9955457843441393,0.9950267344292355,0.9959289797463143,0.9955560928943479,0.9957726678203243
7,6,1.1612459300429958,0.68072,5000,1.5252221513677526,0.6638655462184874,833,1.5430645843664297,0.6491,0.9977246466021641,0.08333057379675081,,,1.0,,1.0,0.0,0.9985392588784548,0.0997787045587859,5,0.001,0.1,0.9949741935786428,0.9957981284217875,0.9954768341906539,0.994608768312615,0.9953638550903784,0.9952873774096485,1.0,0.9949711561536434,0.9945776807908041,0.9943395639364122,0.9954531350966006,0.9953496648123632
7,7,1.1483314016822037,0.6806,5000,1.5125706085452326,0.6482593037214885,833,1.5430645843664297,0.6491,0.9979028590618286,0.08334856091865946,,,1.0,,1.0,0.0,0.9985392588784548,0.0997787045587859,5,0.001,0.1,0.9956569277377947,0.99555579257168,0.9957438816892309,0.9951144238729144,0.9954586658635426,0.9955457843441393,0.9949711561536434,1.0,0.9955066984510101,0.9943953534688781,0.9955719168388969,0.9948126584431857
7,8,1.1577484568972496,0.67448,5000,1.5823471766931039,0.6410564225690276,833,1.5430645843664297,0.6491,0.9978460619464979,0.08333513428401364,,,1.0,,1.0,0.0,0.9985392588784548,0.0997787045587859,5,0.001,0.1,0.9956258918941742,0.9960965687964917,0.9957691301217662,0.9948184491633456,0.9950052606260419,0.9950267344292355,0.9945776807908041,0.9955066984510101,1.0,0.9948382089728042,0.9955274498287436,0.9948619093837967
