round,client_id,client_i_training_loss,client_i_training_accuracy,client_i_training_dataset_size,client_i_evaluation_loss,client_i_evaluation_accuracy,client_i_evaluation_dataset_size,client_i_central_evaluation_loss,client_i_central_evaluation_accuracy,client_i_cosine_similarity,client_i_importance_coefficient,client_i_tanh_val,tanh_normalization_value,client_i_q,client_i_mask_order,client_i_v_nonzero_fraction,client_i_v_sparsity,client_i_v_cosine_similarity,client_i_reward_gradient_norm,local_epochs,learning_rate,gamma,client_0_cosine_similarity,client_1_cosine_similarity,client_2_cosine_similarity,client_3_cosine_similarity,client_4_cosine_similarity,client_5_cosine_similarity,client_6_cosine_similarity,client_7_cosine_similarity,client_8_cosine_similarity,client_9_cosine_similarity,client_10_cosine_similarity,client_11_cosine_similarity
0,0,2.0339678621595834,0.376,5000,2.260965488575123,0.19904076738609114,834,2.255655511880454,0.2054,0.9974326326038936,0.08332372948403907,,,0.99,,0.9900107286803723,0.00998927131962768,0,0.09975475583925295,5,0.001,0.1,1.0,0.9951586581256955,0.9946565981121629,0.9954867428509185,0.9955960824510264,0.9957532317137131,0.9931576430503787,0.9929012703360768,0.9939213682447214,0.9952993268548611,0.9958088541688006,0.992098524627824
0,1,2.031157861545587,0.44008,5000,2.248508426878187,0.24940047961630696,834,2.255655511880454,0.2054,0.9981099822813455,0.08338031405872133,,,0.99,,0.9900107286803723,0.00998927131962768,0,0.09975475583925295,5,0.001,0.1,0.9951586581256955,1.0,0.9949799100383334,0.9939295119658608,0.9952921304411494,0.9948630433223639,0.9943345745154061,0.9957222160294669,0.9958878476890513,0.9966278774348752,0.9964311168196379,0.994719675882636
0,2,2.0396394469935424,0.4086,5000,2.253378709157308,0.18345323741007194,834,2.255655511880454,0.2054,0.9976423563284603,0.08334124942706174,,,0.99,,0.9900107286803723,0.00998927131962768,0,0.09975475583925295,5,0.001,0.1,0.9946565981121629,0.9949799100383334,1.0,0.9952447282149988,0.9945916547908575,0.9938988951203747,0.9950725467338604,0.9935621799184243,0.9954261379359391,0.9956920628963164,0.995837813815997,0.9933862850588027
0,3,2.027111285811017,0.40876,5000,2.2573775626994945,0.2014388489208633,834,2.255655511880454,0.2054,0.9975762741868075,0.08333572904371472,,,0.99,,0.9900107286803723,0.00998927131962768,0,0.09975475583925295,5,0.001,0.1,0.9954867428509185,0.9939295119658608,0.9952447282149988,1.0,0.9946307950500739,0.9962345855074769,0.9941198014779331,0.9930564943894888,0.9950261646545591,0.9950363046469077,0.9950155642892827,0.9937770788928327
0,4,2.03595319599103,0.41696,5000,2.2556361269067833,0.19207683073229292,833,2.255655511880454,0.2054,0.9976355727507606,0.08334068273917257,,,0.99,,0.9900107286803723,0.00998927131962768,0,0.09975475583925295,5,0.001,0.1,0.9955960824510264,0.9952921304411494,0.9945916547908575,0.9946307950500739,1.0,0.9966266379696322,0.9940373444146066,0.9947019412089741,0.9932637258850332,0.9949540082847801,0.9960438630010092,0.9925294259567063
0,5,2.0208969675051938,0.44032,5000,2.257236886907507,0.1872749099639856,833,2.255655511880454,0.2054,0.9975511397629403,0.08333362935911791,,,0.99,,0.9900107286803723,0.00998927131962768,0,0.09975475583925295,5,0.001,0.1,0.9957532317137131,0.9948630433223639,0.9938988951203747,0.9962345855074769,0.9966266379696322,1.0,0.994050243482264,0.9935716782015006,0.9931674531136532,0.9949740588578715,0.9948519325107169,0.9932651387994994
0,6,2.0369074220110654,0.39712,5000,2.2543740184218795,0.2148859543817527,833,2.255655511880454,0.2054,0.9972084012034513,0.08330499759584778,,,0.99,,0.9900107286803723,0.00998927131962768,0,0.09975475583925295,5,0.001,0.1,0.9931576430503787,0.9943345745154061,0.9950725467338604,0.9941198014779331,0.9940373444146066,0.994050243482264,1.0,0.9952681459919818,0.9948545767571009,0.9945276957574084,0.9938695742763138,0.9938619758164909
0,7,2.022879133406718,0.41028,5000,2.2549532784356012,0.21008403361344538,833,2.255655511880454,0.2054,0.9970987568010219,0.0832958380995281,,,0.99,,0.9900107286803723,0.00998927131962768,0,0.09975475583925295,5,0.001,0.1,0.9929012703360768,0.9957222160294669,0.9935621799184243,0.9930564943894888,0.9947019412089741,0.9935716782015006,0.9952681459919818,1.0,0.9943227929557138,0.9951943203055525,0.9946809969537967,0.992859579593492
0,8,2.0356217268925563,0.42308,5000,2.2588525701452187,0.1872749099639856,833,2.255655511880454,0.2054,0.9976366323796979,0.08334077125866955,,,0.99,,0.9900107286803723,0.00998927131962768,0,0.09975475583925295,5,0.001,0.1,0.9939213682447214,0.9958878476890513,0.9954261379359391,0.9950261646545591,0.9932637258850332,0.9931674531136532,0.9948545767571009,0.9943227929557138,1.0,0.9965756874502459,0.9951639419796392,0.9946705967757851
0,9,2.0331818662631282,0.41596,5000,2.24883030962061,0.22569027611044418,833,2.255655511880454,0.2054,0.9981414463928185,0.08338294251404467,,,0.99,,0.9900107286803723,0.00998927131962768,0,0.09975475583925295,5,0.001,0.1,0.9952993268548611,0.9966278774348752,0.9956920628963164,0.9950363046469077,0.9949540082847801,0.9949740588578715,0.9945276957574084,0.9951943203055525,0.9965756874502459,1.0,0.9955613967248947,0.9938804662233869
0,10,2.0327581932590264,0.41136,5000,2.256896804880213,0.2184873949579832,833,2.255655511880454,0.2054,0.9980298584251008,0.08337362065577389,,,0.99,,0.9900107286803723,0.00998927131962768,0,0.09975475583925295,5,0.001,0.1,0.9958088541688006,0.9964311168196379,0.995837813815997,0.9950155642892827,0.9960438630010092,0.9948519325107169,0.9938695742763138,0.9946809969537967,0.9951639419796392,0.9955613967248947,1.0,0.9937223789642209
0,11,2.033890828053663,0.4496,5000,2.2522586981455484,0.19567827130852342,833,2.255655511880454,0.2054,0.996508100866374,0.08324649576430866,,,0.99,,0.9900107286803723,0.00998927131962768,0,0.09975475583925295,5,0.001,0.1,0.992098524627824,0.994719675882636,0.9933862850588027,0.9937770788928327,0.9925294259567063,0.9932651387994994,0.9938619758164909,0.992859579593492,0.9946705967757851,0.9938804662233869,0.9937223789642209,1.0
1,0,1.798836209363998,0.49324,5000,2.182477006205806,0.36330935251798563,834,2.1771299618120774,0.3706,0.997999546389573,0.0833129480571083,,,0.99,,0.9900107286803723,0.00998927131962768,0.9835521009700171,0.09984487131458095,5,0.001,0.1,1.0,0.9968701334295482,0.9964811674742741,0.9955519593552716,0.9970318088915617,0.9968065263737184,0.9953816938467265,0.9959497865101056,0.9955384474329195,0.9963403005356919,0.9969386617230082,0.9945233323554908
1,1,1.7873696216352426,0.53376,5000,2.1700471772087946,0.3920863309352518,834,2.1771299618120774,0.3706,0.9989534172958758,0.08337843828337875,,,0.99,,0.9900107286803723,0.00998927131962768,0.9835521009700171,0.09984487131458095,5,0.001,0.1,0.9968701334295482,1.0,0.9970282190514789,0.995673805606041,0.9974860090250668,0.9973067118450635,0.997313819436147,0.9976667092213305,0.9973904758073879,0.9976372943808215,0.9974296365643264,0.9970403534439942
1,2,1.7974272055231082,0.51104,5000,2.171380360921224,0.38609112709832133,834,2.1771299618120774,0.3706,0.9984944219830122,0.08333966586029876,,,0.99,,0.9900107286803723,0.00998927131962768,0.9835521009700171,0.09984487131458095,5,0.001,0.1,0.9964811674742741,0.9970282190514789,1.0,0.9961919747761055,0.9970662643440694,0.9961462331313702,0.9967262462142926,0.9966286257050591,0.9969603904960862,0.9969745496727094,0.997550542308428,0.9955891248948198
1,3,1.7862321516510786,0.52684,5000,2.1789808096709073,0.3609112709832134,834,2.1771299618120774,0.3706,0.997818685994171,0.08331446933320659,,,0.99,,0.9900107286803723,0.00998927131962768,0.9835521009700171,0.09984487131458095,5,0.001,0.1,0.9955519593552716,0.995673805606041,0.9961919747761055,1.0,0.9958161062215013,0.9969939729904136,0.9958074354321588,0.996101570036784,0.9959149152950524,0.9961905350583415,0.9956726989282768,0.9953337797671848
1,4,1.7948286862889673,0.51576,5000,2.175763403927838,0.3469387755102041,833,2.1771299618120774,0.3706,0.9986686963991632,0.08334494346016698,,,0.99,,0.9900107286803723,0.00998927131962768,0.9835521009700171,0.09984487131458095,5,0.001,0.1,0.9970318088915617,0.9974860090250668,0.9970662643440694,0.9958161062215013,1.0,0.9972792793927364,0.9965264351901318,0.9975513915550196,0.996399897896527,0.9970566942915448,0.9975159367076629,0.9957018786675748
1,5,1.7751823905167305,0.5286,5000,2.179237630632189,0.36494597839135656,833,2.1771299618120774,0.3706,0.9986425515015069,0.08333977393253982,,,0.99,,0.9900107286803723,0.00998927131962768,0.9835521009700171,0.09984487131458095,5,0.001,0.1,0.9968065263737184,0.9973067118450635,0.9961462331313702,0.9969939729904136,0.9972792793927364,1.0,0.9967110272827484,0.9976059087542011,0.9959893910736548,0.9972819453765668,0.9966260517912423,0.9963728801384103
1,6,1.79460718540629,0.51472,5000,2.1751407517327204,0.37334933973589435,833,2.1771299618120774,0.3706,0.9984246430807896,0.08331518136006108,,,0.99,,0.9900107286803723,0.00998927131962768,0.9835521009700171,0.09984487131458095,5,0.001,0.1,0.9953816938467265,0.997313819436147,0.9967262462142926,0.9958074354321588,0.9965264351901318,0.9967110272827484,1.0,0.9972793216768352,0.9966456060299276,0.9968799689538059,0.996286459351446,0.9969528798815912
1,7,1.7805247437422442,0.5122,5000,2.173701860286571,0.39615846338535415,833,2.1771299618120774,0.3706,0.9986861736741013,0.08331800564203094,,,0.99,,0.9900107286803723,0.00998927131962768,0.9835521009700171,0.09984487131458095,5,0.001,0.1,0.9959497865101056,0.9976667092213305,0.9966286257050591,0.996101570036784,0.9975513915550196,0.9976059087542011,0.9972793216768352,1.0,0.9965784160225462,0.9970551536542112,0.996817235084142,0.9964094254473254
1,8,1.792166673301891,0.53656,5000,2.184513524726585,0.3433373349339736,833,2.1771299618120774,0.3706,0.9984142500108919,0.08333678486658375,,,0.99,,0.9900107286803723,0.00998927131962768,0.9835521009700171,0.09984487131458095,5,0.001,0.1,0.9955384474329195,0.9973904758073879,0.9969603904960862,0.9959149152950524,0.996399897896527,0.9959893910736548,0.9966456060299276,0.9965784160225462,1.0,0.9970959189387214,0.9966694151153628,0.9972016486760581
1,9,1.7891573390383628,0.5288,5000,2.1695683620594166,0.3865546218487395,833,2.1771299618120774,0.3706,0.9987057497814558,0.08337205616482897,,,0.99,,0.9900107286803723,0.00998927131962768,0.9835521009700171,0.09984487131458095,5,0.001,0.1,0.9963403005356919,0.9976372943808215,0.9969745496727094,0.9961905350583415,0.9970566942915448,0.9972819453765668,0.9968799689538059,0.9970551536542112,0.9970959189387214,1.0,0.9968957873594037,0.9964667764675661
1,10,1.7930276201029491,0.51732,5000,2.1792697553281433,0.36014405762304924,833,2.1771299618120774,0.3706,0.9985722467799882,0.08336203019852147,,,0.99,,0.9900107286803723,0.00998927131962768,0.9835521009700171,0.09984487131458095,5,0.001,0.1,0.9969386617230082,0.9974296365643264,0.997550542308428,0.9956726989282768,0.9975159367076629,0.9966260517912423,0.996286459351446,0.996817235084142,0.9966694151153628,0.9968957873594037,1.0,0.9958725139288032
1,11,1.7887719688901476,0.54736,5000,2.1699036712999695,0.37334933973589435,833,2.1771299618120774,0.3706,0.9980032649071794,0.08326570284127446,,,0.99,,0.9900107286803723,0.00998927131962768,0.9835521009700171,0.09984487131458095,5,0.001,0.1,0.9945233323554908,0.9970403534439942,0.9955891248948198,0.9953337797671848,0.9957018786675748,0.9963728801384103,0.9969528798815912,0.9964094254473254,0.9972016486760581,0.9964667764675661,0.9958725139288032,1.0
2,0,1.606301222485342,0.548,5000,2.082849564375701,0.4148681055155875,834,2.0775838835170855,0.4372,0.9985728102776416,0.08331795825986942,,,0.99,,0.9900107286803723,0.00998927131962768,0.9954139575368626,0.09986619156301511,5,0.001,0.1,1.0,0.997301553962769,0.9970416063170616,0.9971297538563206,0.997091657545614,0.9974501330604582,0.9963644027313635,0.9972446048816536,0.9968198140599592,0.997303375529514,0.9971817115768299,0.9959104692881776
2,1,1.5932969099397112,0.57828,5000,2.070726959793656,0.4592326139088729,834,2.0775838835170855,0.4372,0.9988654485792555,0.08336756307060253,,,0.99,,0.9900107286803723,0.00998927131962768,0.9954139575368626,0.09986619156301511,5,0.001,0.1,0.997301553962769,1.0,0.9973890206959487,0.9966218662247571,0.9973932037339789,0.9972929756778016,0.9971726154313483,0.99752874639302,0.9974393897289862,0.9975458252147659,0.9974849461253931,0.9971746202527001
2,2,1.603356329498777,0.56544,5000,2.0674360858069525,0.44964028776978415,834,2.0775838835170855,0.4372,0.998679499312697,0.08333778553965356,,,0.99,,0.9900107286803723,0.00998927131962768,0.9954139575368626,0.09986619156301511,5,0.001,0.1,0.9970416063170616,0.9973890206959487,1.0,0.9969954636782803,0.9971661555133683,0.9967528636662747,0.9969009422777645,0.9973705036716971,0.9971009764141148,0.9974188786674496,0.9975339213542016,0.9964467115711089
2,3,1.5941729826532351,0.57156,5000,2.0795894022341126,0.42565947242206237,834,2.0775838835170855,0.4372,0.9984880161937062,0.08331615442750795,,,0.99,,0.9900107286803723,0.00998927131962768,0.9954139575368626,0.09986619156301511,5,0.001,0.1,0.9971297538563206,0.9966218662247571,0.9969954636782803,1.0,0.9967928450321677,0.997761979832428,0.9966084466893943,0.9971925625589392,0.9965945054006903,0.9971146234871038,0.9968198128223682,0.9961918860632601
2,4,1.6037513368448635,0.55672,5000,2.074342630527638,0.4009603841536615,833,2.0775838835170855,0.4372,0.998675506717081,0.08334089301385737,,,0.99,,0.9900107286803723,0.00998927131962768,0.9954139575368626,0.09986619156301511,5,0.001,0.1,0.997091657545614,0.9973932037339789,0.9971661555133683,0.9967928450321677,1.0,0.9972271840620561,0.9967411085292628,0.9978818309244419,0.9965913010712317,0.9974633808437733,0.9975398267895941,0.996180292832835
2,5,1.5816681147381,0.57712,5000,2.0801085807659008,0.4417767106842737,833,2.0775838835170855,0.4372,0.9987457421157495,0.08333998978386019,,,0.99,,0.9900107286803723,0.00998927131962768,0.9954139575368626,0.09986619156301511,5,0.001,0.1,0.9974501330604582,0.9972929756778016,0.9967528636662747,0.997761979832428,0.9972271840620561,1.0,0.9968782482506613,0.9977113004484162,0.9963259325648316,0.9976174767435813,0.9972312058361145,0.9966621839725183
2,6,1.6004576707341869,0.5728,5000,2.074948381494593,0.4549819927971189,833,2.0775838835170855,0.4372,0.9985038086552875,0.08331710075549281,,,0.99,,0.9900107286803723,0.00998927131962768,0.9954139575368626,0.09986619156301511,5,0.001,0.1,0.9963644027313635,0.9971726154313483,0.9969009422777645,0.9966084466893943,0.9967411085292628,0.9968782482506613,1.0,0.9972585226216398,0.9968638109089564,0.996691166693549,0.9973216730362268,0.9972124867052303
2,7,1.5860549526609433,0.57208,5000,2.069904424526073,0.453781512605042,833,2.0775838835170855,0.4372,0.9989148531852519,0.08333209903688374,,,0.99,,0.9900107286803723,0.00998927131962768,0.9954139575368626,0.09986619156301511,5,0.001,0.1,0.9972446048816536,0.99752874639302,0.9973705036716971,0.9971925625589392,0.9978818309244419,0.9977113004484162,0.9972585226216398,1.0,0.9969867393124744,0.9973437861170804,0.9978300746832776,0.9965895004105553
2,8,1.5978486821150324,0.58152,5000,2.089969785125167,0.40936374549819926,833,2.0775838835170855,0.4372,0.9985226798637805,0.08333095754060608,,,0.99,,0.9900107286803723,0.00998927131962768,0.9954139575368626,0.09986619156301511,5,0.001,0.1,0.9968198140599592,0.9974393897289862,0.9971009764141148,0.9965945054006903,0.9965913010712317,0.9963259325648316,0.9968638109089564,0.9969867393124744,1.0,0.9970334144413654,0.9972362422210119,0.9972464953122403
2,9,1.5963599550496241,0.5782,5000,2.069458811371415,0.4729891956782713,833,2.0775838835170855,0.4372,0.9988281538174772,0.08336244574202159,,,0.99,,0.9900107286803723,0.00998927131962768,0.9954139575368626,0.09986619156301511,5,0.001,0.1,0.997303375529514,0.9975458252147659,0.9974188786674496,0.9971146234871038,0.9974633808437733,0.9976174767435813,0.996691166693549,0.9973437861170804,0.9970334144413654,1.0,0.9974325983757284,0.9969332615664446
2,10,1.5992445906256414,0.56532,5000,2.080111026763916,0.43217286914765907,833,2.0775838835170855,0.4372,0.9988678518581746,0.08335757885591073,,,0.99,,0.9900107286803723,0.00998927131962768,0.9954139575368626,0.09986619156301511,5,0.001,0.1,0.9971817115768299,0.9974849461253931,0.9975339213542016,0.9968198128223682,0.9975398267895941,0.9972312058361145,0.9973216730362268,0.9978300746832776,0.9972362422210119,0.9974325983757284,1.0,0.9967618491162679
2,11,1.5901983330204228,0.5926,5000,2.0661124520831637,0.4309723889555822,833,2.0775838835170855,0.4372,0.9982780744718294,0.0832794739737341,,,0.99,,0.9900107286803723,0.00998927131962768,0.9954139575368626,0.09986619156301511,5,0.001,0.1,0.9959104692881776,0.9971746202527001,0.9964467115711089,0.9961918860632601,0.996180292832835,0.9966621839725183,0.9972124867052303,0.9965895004105553,0.9972464953122403,0.9969332615664446,0.9967618491162679,1.0
3,0,1.4576590824279057,0.58376,5000,1.9645406714192144,0.47601918465227816,834,1.9589803135052275,0.5029,0.9984658384519285,0.08332180072643576,,,0.99,,0.9900107286803723,0.00998927131962768,0.9972210133764488,0.09985310309724092,5,0.001,0.1,1.0,0.9972011870580247,0.9966072198652167,0.996638192748083,0.9962845056976753,0.9968373416499963,0.9964645021121172,0.9970860314577228,0.9967030990086936,0.9971173999272435,0.9969580579346172,0.9960919277153103
3,1,1.4450634612399302,0.60624,5000,1.952030963367886,0.511990407673861,834,1.9589803135052275,0.5029,0.9987139321607682,0.08336022854931974,,,0.99,,0.9900107286803723,0.00998927131962768,0.9972210133764488,0.09985310309724092,5,0.001,0.1,0.9972011870580247,1.0,0.9969898158882885,0.9962159108074529,0.9964804356281358,0.9968758058450796,0.9970093269842362,0.9973797805681512,0.9972096802303638,0.997235269700783,0.9975388940843933,0.9968247031441947
3,2,1.4545370221897296,0.59604,5000,1.9433166495075933,0.526378896882494,834,1.9589803135052275,0.5029,0.9985293333032829,0.08333600923067538,,,0.99,,0.9900107286803723,0.00998927131962768,0.9972210133764488,0.09985310309724092,5,0.001,0.1,0.9966072198652167,0.9969898158882885,1.0,0.9967138327584251,0.9968802207283967,0.9966282459539262,0.9970454348184252,0.9968889062412175,0.9967807768647602,0.9966370303124037,0.9972775451735393,0.9963008358229184
3,3,1.4445631920152409,0.60544,5000,1.961316015985277,0.4880095923261391,834,1.9589803135052275,0.5029,0.9982681273231665,0.08331431311567855,,,0.99,,0.9900107286803723,0.00998927131962768,0.9972210133764488,0.09985310309724092,5,0.001,0.1,0.996638192748083,0.9962159108074529,0.9967138327584251,1.0,0.9962649148719328,0.997209580956466,0.9964247923838032,0.9964109362608783,0.9963063643491725,0.9966660634285912,0.9964957560677615,0.9962748975323492
3,4,1.454904050735911,0.58696,5000,1.9536466421904388,0.4657863145258103,833,1.9589803135052275,0.5029,0.9983482227601583,0.0833320692956592,,,0.99,,0.9900107286803723,0.00998927131962768,0.9972210133764488,0.09985310309724092,5,0.001,0.1,0.9962845056976753,0.9964804356281358,0.9968802207283967,0.9962649148719328,1.0,0.9968593797674576,0.9966462347011763,0.9972891477484559,0.9961163425383218,0.9968556382046749,0.9967646345355635,0.9961380750475285
3,5,1.432643163963488,0.60704,5000,1.9619629515541925,0.5042016806722689,833,1.9589803135052275,0.5029,0.9985513494546756,0.08333807159022727,,,0.99,,0.9900107286803723,0.00998927131962768,0.9972210133764488,0.09985310309724092,5,0.001,0.1,0.9968373416499963,0.9968758058450796,0.9966282459539262,0.997209580956466,0.9968593797674576,1.0,0.9966997524801334,0.997148694270138,0.9959735405758957,0.9972488211474255,0.9968835252785478,0.9966491260652031
3,6,1.4509800153173458,0.60332,5000,1.9559365069424663,0.5222088835534213,833,1.9589803135052275,0.5029,0.9984940430142522,0.0833221852024558,,,0.99,,0.9900107286803723,0.00998927131962768,0.9972210133764488,0.09985310309724092,5,0.001,0.1,0.9964645021121172,0.9970093269842362,0.9970454348184252,0.9964247923838032,0.9966462347011763,0.9966997524801334,1.0,0.9966778253046782,0.9964770542173548,0.9967454926027405,0.9971002115936554,0.9970375090076301
3,7,1.4378169707431914,0.60472,5000,1.9462407297558255,0.5114045618247299,833,1.9589803135052275,0.5029,0.9986737419750586,0.0833371829664653,,,0.99,,0.9900107286803723,0.00998927131962768,0.9972210133764488,0.09985310309724092,5,0.001,0.1,0.9970860314577228,0.9973797805681512,0.9968889062412175,0.9964109362608783,0.9972891477484559,0.997148694270138,0.9966778253046782,1.0,0.9967315100088165,0.9967466355631213,0.9975293994402901,0.9965913582322997
3,8,1.4479098140813742,0.60816,5000,1.9772605586934973,0.46938775510204084,833,1.9589803135052275,0.5029,0.9984347230458328,0.08332876826676044,,,0.99,,0.9900107286803723,0.00998927131962768,0.9972210133764488,0.09985310309724092,5,0.001,0.1,0.9967030990086936,0.9972096802303638,0.9967807768647602,0.9963063643491725,0.9961163425383218,0.9959735405758957,0.9964770542173548,0.9967315100088165,1.0,0.9969701409728121,0.9973313702912601,0.9970167761175126
3,9,1.4458714930115233,0.60968,5000,1.9503877207084939,0.5342136854741897,833,1.9589803135052275,0.5029,0.998682589250652,0.08335607870074846,,,0.99,,0.9900107286803723,0.00998927131962768,0.9972210133764488,0.09985310309724092,5,0.001,0.1,0.9971173999272435,0.997235269700783,0.9966370303124037,0.9966660634285912,0.9968556382046749,0.9972488211474255,0.9967454926027405,0.9967466355631213,0.9969701409728121,1.0,0.9972197274150658,0.9971434620942544
3,10,1.449276756101353,0.596,5000,1.9617746847647208,0.5114045618247299,833,1.9589803135052275,0.5029,0.9988152005664999,0.08335737429165535,,,0.99,,0.9900107286803723,0.00998927131962768,0.9972210133764488,0.09985310309724092,5,0.001,0.1,0.9969580579346172,0.9975388940843933,0.9972775451735393,0.9964957560677615,0.9967646345355635,0.9968835252785478,0.9971002115936554,0.9975293994402901,0.9973313702912601,0.9972197274150658,1.0,0.9970755816165243
3,11,1.4382974380140852,0.6154,5000,1.9431811438666449,0.5138055222088835,833,1.9589803135052275,0.5029,0.9983951336039679,0.08329591806391878,,,0.99,,0.9900107286803723,0.00998927131962768,0.9972210133764488,0.09985310309724092,5,0.001,0.1,0.9960919277153103,0.9968247031441947,0.9963008358229184,0.9962748975323492,0.9961380750475285,0.9966491260652031,0.9970375090076301,0.9965913582322997,0.9970167761175126,0.9971434620942544,0.9970755816165243,1.0
4,0,1.3404151538375078,0.60636,5000,1.8310168540036236,0.5371702637889688,834,1.8255731975689482,0.555,0.998289651957756,0.08332381664422031,,,0.99,,0.9900107286803723,0.00998927131962768,0.9978659677118868,0.09983653773713333,5,0.001,0.1,1.0,0.9968387844748926,0.996376971903591,0.9962880180880265,0.9958716178407373,0.996578219310806,0.9962091194932824,0.9965804491260092,0.9963670624719079,0.9966256386778346,0.9962246871405998,0.9959335028405774
4,1,1.32688340563683,0.62308,5000,1.8187637240798384,0.565947242206235,834,1.8255731975689482,0.555,0.9986125992645503,0.08335780834456344,,,0.99,,0.9900107286803723,0.00998927131962768,0.9978659677118868,0.09983653773713333,5,0.001,0.1,0.9968387844748926,1.0,0.9970601947277145,0.9959927049101982,0.9963124428453137,0.9968148530016647,0.996911903373228,0.9969150805455824,0.9965771660381726,0.9968304488950515,0.9968817843964873,0.9966263429525981
4,2,1.3351639926053915,0.61508,5000,1.8035069041781955,0.5731414868105515,834,1.8255731975689482,0.555,0.9985018942354509,0.08333938145622154,,,0.99,,0.9900107286803723,0.00998927131962768,0.9978659677118868,0.09983653773713333,5,0.001,0.1,0.996376971903591,0.9970601947277145,1.0,0.99632655727931,0.9962578615436004,0.9962171963581431,0.996950879893816,0.9968118038585652,0.996815383056298,0.996133749480583,0.9970944828848755,0.9963912819457117
4,3,1.328399952809522,0.61952,5000,1.828549071594521,0.5443645083932853,834,1.8255731975689482,0.555,0.99808559601607,0.0833126379402353,,,0.99,,0.9900107286803723,0.00998927131962768,0.9978659677118868,0.09983653773713333,5,0.001,0.1,0.9962880180880265,0.9959927049101982,0.99632655727931,1.0,0.995736573572765,0.9969757679572505,0.9959799435866583,0.9965288803956455,0.995922591373004,0.9959451970211562,0.9961029218890811,0.9956508712790301
4,4,1.3384845767051552,0.608,5000,1.8179528933984261,0.5234093637454982,833,1.8255731975689482,0.555,0.9980475650532763,0.08332230006880627,,,0.99,,0.9900107286803723,0.00998927131962768,0.9978659677118868,0.09983653773713333,5,0.001,0.1,0.9958716178407373,0.9963124428453137,0.9962578615436004,0.995736573572765,1.0,0.9961058504412323,0.9961693670444525,0.9966931281303312,0.9955987458748501,0.9962119844412983,0.9963614254601197,0.9956742502766881
4,5,1.313969837632149,0.6228,5000,1.8288221182646576,0.5726290516206483,833,1.8255731975689482,0.555,0.998490888305323,0.08334029102858295,,,0.99,,0.9900107286803723,0.00998927131962768,0.9978659677118868,0.09983653773713333,5,0.001,0.1,0.996578219310806,0.9968148530016647,0.9962171963581431,0.9969757679572505,0.9961058504412323,1.0,0.9966495455603578,0.9966987105505878,0.9957361395025816,0.9970395681270993,0.9966332918513403,0.9968555246213426
4,6,1.3316074594570573,0.62576,5000,1.821959208559107,0.5678271308523409,833,1.8255731975689482,0.555,0.99839436773098,0.08332743250696471,,,0.99,,0.9900107286803723,0.00998927131962768,0.9978659677118868,0.09983653773713333,5,0.001,0.1,0.9962091194932824,0.996911903373228,0.996950879893816,0.9959799435866583,0.9961693670444525,0.9966495455603578,1.0,0.9964700314700748,0.9958218530115753,0.9964195608834768,0.9968504067058167,0.9967160684925336
4,7,1.3178702929217345,0.62568,5000,1.8068921168645222,0.5714285714285714,833,1.8255731975689482,0.555,0.9985364624513128,0.08334121710794277,,,0.99,,0.9900107286803723,0.00998927131962768,0.9978659677118868,0.09983653773713333,5,0.001,0.1,0.9965804491260092,0.9969150805455824,0.9968118038585652,0.9965288803956455,0.9966931281303312,0.9966987105505878,0.9964700314700748,1.0,0.9966073457158633,0.9961667269303573,0.9969768537173309,0.9964015035732512
4,8,1.3284145149455708,0.62164,5000,1.850495488555343,0.5162064825930373,833,1.8255731975689482,0.555,0.9981911239481396,0.08332490944075124,,,0.99,,0.9900107286803723,0.00998927131962768,0.9978659677118868,0.09983653773713333,5,0.001,0.1,0.9963670624719079,0.9965771660381726,0.996815383056298,0.995922591373004,0.9955987458748501,0.9957361395025816,0.9958218530115753,0.9966073457158633,1.0,0.9963074697395838,0.9967960797116519,0.996163530537568
4,9,1.3253351508432134,0.62772,5000,1.817162690339265,0.5714285714285714,833,1.8255731975689482,0.555,0.998396545732549,0.0833482893969786,,,0.99,,0.9900107286803723,0.00998927131962768,0.9978659677118868,0.09983653773713333,5,0.001,0.1,0.9966256386778346,0.9968304488950515,0.996133749480583,0.9959451970211562,0.9962119844412983,0.9970395681270993,0.9964195608834768,0.9961667269303573,0.9963074697395838,1.0,0.9966137043040273,0.9968795311505066
4,10,1.3311568674008558,0.6144,5000,1.8282818882553666,0.5498199279711885,833,1.8255731975689482,0.555,0.9985542873818097,0.08335417563371433,,,0.99,,0.9900107286803723,0.00998927131962768,0.9978659677118868,0.09983653773713333,5,0.001,0.1,0.9962246871405998,0.9968817843964873,0.9970944828848755,0.9961029218890811,0.9963614254601197,0.9966332918513403,0.9968504067058167,0.9969768537173309,0.9967960797116519,0.9966137043040273,1.0,0.9965275416689293
4,11,1.3185165549539457,0.62908,5000,1.8053778851473774,0.5666266506602641,833,1.8255731975689482,0.555,0.9982833752815696,0.0833077404310183,,,0.99,,0.9900107286803723,0.00998927131962768,0.9978659677118868,0.09983653773713333,5,0.001,0.1,0.9959335028405774,0.9966263429525981,0.9963912819457117,0.9956508712790301,0.9956742502766881,0.9968555246213426,0.9967160684925336,0.9964015035732512,0.996163530537568,0.9968795311505066,0.9965275416689293,1.0
5,0,1.2438854383814866,0.62136,5000,1.6885842040733055,0.5827338129496403,834,1.6832364949936303,0.5989,0.9978469298313531,0.08332325025713784,,,0.99,,0.9900107286803723,0.00998927131962768,0.9984238584779047,0.09979784691470057,5,0.001,0.1,1.0,0.9955562899467135,0.9953082236019228,0.9954431988736986,0.9955605634085696,0.9956823035418737,0.9953609000357361,0.995503809647021,0.9957730157284527,0.9957109238133132,0.9950318079122482,0.995026360123929
5,1,1.231260389127549,0.63772,5000,1.6771467791663275,0.6091127098321343,834,1.6832364949936303,0.5989,0.9981830245574853,0.08335495045189492,,,0.99,,0.9900107286803723,0.00998927131962768,0.9984238584779047,0.09979784691470057,5,0.001,0.1,0.9955562899467135,1.0,0.996218537109152,0.9948700720958428,0.9960368897792785,0.996079600968147,0.9960681894389098,0.9958965632334047,0.995961125569853,0.9958482772498328,0.9956163649127109,0.9958285857069639
5,2,1.2374724719934402,0.633,5000,1.6541415364653975,0.617505995203837,834,1.6832364949936303,0.5989,0.9981955828036128,0.08334405312973368,,,0.99,,0.9900107286803723,0.00998927131962768,0.9984238584779047,0.09979784691470057,5,0.001,0.1,0.9953082236019228,0.996218537109152,1.0,0.9954808609705704,0.995899684954937,0.9956452226630196,0.9961067842645551,0.9960918107614459,0.9962039332669498,0.995322710970259,0.9962232361353343,0.9956307538693193
5,3,1.2322088167166254,0.63128,5000,1.6869747991915103,0.5839328537170264,834,1.6832364949936303,0.5989,0.9976494986431588,0.08331001969197882,,,0.99,,0.9900107286803723,0.00998927131962768,0.9984238584779047,0.09979784691470057,5,0.001,0.1,0.9954431988736986,0.9948700720958428,0.9954808609705704,1.0,0.9951657423753626,0.9962292564049386,0.9948147301284977,0.9954930992790241,0.9950308315244748,0.9951962093470131,0.9952844758742662,0.9945850177868254
5,4,1.2420643489072278,0.62208,5000,1.672933406300015,0.5678271308523409,833,1.6832364949936303,0.5989,0.997996254975506,0.08332714072774945,,,0.99,,0.9900107286803723,0.00998927131962768,0.9984238584779047,0.09979784691470057,5,0.001,0.1,0.9955605634085696,0.9960368897792785,0.995899684954937,0.9951657423753626,1.0,0.9956809755722311,0.9958344655957276,0.9958502319071849,0.9952505410488738,0.9957644335464103,0.9954609216798929,0.9952409506607323
5,5,1.2177475442552264,0.63944,5000,1.6863872386791088,0.60984393757503,833,1.6832364949936303,0.5989,0.9982306116691754,0.08334574189449595,,,0.99,,0.9900107286803723,0.00998927131962768,0.9984238584779047,0.09979784691470057,5,0.001,0.1,0.9956823035418737,0.996079600968147,0.9956452226630196,0.9962292564049386,0.9956809755722311,1.0,0.9960471265142525,0.9956956068774222,0.9951383351020295,0.9963540174029631,0.9956962083178335,0.9963028730808868
5,6,1.2361332490186023,0.63976,5000,1.6788583199183147,0.6122448979591837,833,1.6832364949936303,0.5989,0.9979506010351242,0.0833288150180946,,,0.99,,0.9900107286803723,0.00998927131962768,0.9984238584779047,0.09979784691470057,5,0.001,0.1,0.9953609000357361,0.9960681894389098,0.9961067842645551,0.9948147301284977,0.9958344655957276,0.9960471265142525,1.0,0.9953250123274718,0.9946452095773106,0.9952210694014669,0.9959773359764076,0.9957975433560056
5,7,1.2235280824315016,0.64152,5000,1.6582502082542137,0.6122448979591837,833,1.6832364949936303,0.5989,0.9979749091398915,0.08333805500755521,,,0.99,,0.9900107286803723,0.00998927131962768,0.9984238584779047,0.09979784691470057,5,0.001,0.1,0.995503809647021,0.9958965632334047,0.9960918107614459,0.9954930992790241,0.9958502319071849,0.9956956068774222,0.9953250123274718,1.0,0.9956739420801004,0.9948823515761315,0.9959257394379677,0.9951507810033937
5,8,1.2321143297632788,0.6384,5000,1.7154677355730976,0.575030012004802,833,1.6832364949936303,0.5989,0.9978827062368233,0.08332507554160709,,,0.99,,0.9900107286803723,0.00998927131962768,0.9984238584779047,0.09979784691470057,5,0.001,0.1,0.9957730157284527,0.995961125569853,0.9962039332669498,0.9950308315244748,0.9952505410488738,0.9951383351020295,0.9946452095773106,0.9956739420801004,1.0,0.9957192080144163,0.9957789708271022,0.9952101961005577
5,9,1.2297035613637062,0.64348,5000,1.6747444691481415,0.6110444177671068,833,1.6832364949936303,0.5989,0.997976559951969,0.08334244632469413,,,0.99,,0.9900107286803723,0.00998927131962768,0.9984238584779047,0.09979784691470057,5,0.001,0.1,0.9957109238133132,0.9958482772498328,0.995322710970259,0.9951962093470131,0.9957644335464103,0.9963540174029631,0.9952210694014669,0.9948823515761315,0.9957192080144163,1.0,0.9954868903516315,0.9960025138832437
5,10,1.2361106064668885,0.6324,5000,1.68585941085109,0.5918367346938775,833,1.6832364949936303,0.5989,0.997998658968702,0.08334677027333899,,,0.99,,0.9900107286803723,0.00998927131962768,0.9984238584779047,0.09979784691470057,5,0.001,0.1,0.9950318079122482,0.9956163649127109,0.9962232361353343,0.9952844758742662,0.9954609216798929,0.9956962083178335,0.9959773359764076,0.9959257394379677,0.9957789708271022,0.9954868903516315,1.0,0.9952906917665919
5,11,1.2206357603619813,0.64268,5000,1.65903964749089,0.6134453781512605,833,1.6832364949936303,0.5989,0.9978559841652043,0.08331368168171921,,,0.99,,0.9900107286803723,0.00998927131962768,0.9984238584779047,0.09979784691470057,5,0.001,0.1,0.995026360123929,0.9958285857069639,0.9956307538693193,0.9945850177868254,0.9952409506607323,0.9963028730808868,0.9957975433560056,0.9951507810033937,0.9952101961005577,0.9960025138832437,0.9952906917665919,1.0
6,0,1.163121463083158,0.63696,5000,1.5434955976627491,0.6235011990407674,834,1.5387493429092554,0.6338,0.9974810146965917,0.08332724208158236,,,0.99,,0.9900107286803723,0.00998927131962768,0.9985228106318297,0.09974780910014452,5,0.001,0.1,1.0,0.9944655559862916,0.9943673899023928,0.9942091223846502,0.9943131401867271,0.9946538166418017,0.9937917642373084,0.9950808992547129,0.9952870471390534,0.9949237425914917,0.9943301017687951,0.9941636117949258
6,1,1.1501878370145324,0.65136,5000,1.533538610846908,0.645083932853717,834,1.5387493429092554,0.6338,0.997671817749494,0.0833528511706777,,,0.99,,0.9900107286803723,0.00998927131962768,0.9985228106318297,0.09974780910014452,5,0.001,0.1,0.9944655559862916,1.0,0.9949628637014204,0.9934989052811004,0.994640427091174,0.9949677706657177,0.9946217457508961,0.9948889964104382,0.9951478342572251,0.9948425109181437,0.9952437518009887,0.9945872934789602
6,2,1.1585183249917,0.648,5000,1.5031307405895658,0.6594724220623501,834,1.5387493429092554,0.6338,0.9975741478995496,0.0833430119211123,,,0.99,,0.9900107286803723,0.00998927131962768,0.9985228106318297,0.09974780910014452,5,0.001,0.1,0.9943673899023928,0.9949628637014204,1.0,0.9938876231940171,0.9948599354669296,0.9942331492198582,0.9949593352817228,0.9950244276731994,0.9946996135173604,0.9939881579325541,0.9952320672131829,0.9944849278755101
6,3,1.1551003473579504,0.64144,5000,1.5433421355706674,0.6091127098321343,834,1.5387493429092554,0.6338,0.9968796385696915,0.08329970691504907,,,0.99,,0.9900107286803723,0.00998927131962768,0.9985228106318297,0.09974780910014452,5,0.001,0.1,0.9942091223846502,0.9934989052811004,0.9938876231940171,1.0,0.9938835032158312,0.9947225722158489,0.9933403514717708,0.9945005464532147,0.9936330569165072,0.9935432362079533,0.9939760952264689,0.9931938780801419
6,4,1.1635664999864663,0.63424,5000,1.5257170641863789,0.5978391356542617,833,1.5387493429092554,0.6338,0.9974441020951583,0.08332843700100402,,,0.99,,0.9900107286803723,0.00998927131962768,0.9985228106318297,0.09974780910014452,5,0.001,0.1,0.9943131401867271,0.994640427091174,0.9948599354669296,0.9938835032158312,1.0,0.9940759467994598,0.9946778384943883,0.99505387712898,0.9939739763125434,0.9947426922247722,0.994709580737138,0.9942129500402327
6,5,1.138207124676674,0.6494,5000,1.541367521992436,0.6506602641056423,833,1.5387493429092554,0.6338,0.9976345552566734,0.08334599851049475,,,0.99,,0.9900107286803723,0.00998927131962768,0.9985228106318297,0.09974780910014452,5,0.001,0.1,0.9946538166418017,0.9949677706657177,0.9942331492198582,0.9947225722158489,0.9940759467994598,1.0,0.9945920060419999,0.9946853502728764,0.9938452946893593,0.995399136879503,0.9948237352839515,0.9954239119324465
6,6,1.156446493507191,0.6526,5000,1.5339317807444819,0.6518607442977191,833,1.5387493429092554,0.6338,0.9972578865569788,0.08332345135899555,,,0.99,,0.9900107286803723,0.00998927131962768,0.9985228106318297,0.09974780910014452,5,0.001,0.1,0.9937917642373084,0.9946217457508961,0.9949593352817228,0.9933403514717708,0.9946778384943883,0.9945920060419999,1.0,0.9944521495172249,0.9929519709719,0.9939394936398982,0.9948979811556632,0.9946899763091758
6,7,1.143168774835623,0.6536,5000,1.5073526921095672,0.6398559423769508,833,1.5387493429092554,0.6338,0.9976984525892756,0.08334334580732987,,,0.99,,0.9900107286803723,0.00998927131962768,0.9985228106318297,0.09974780910014452,5,0.001,0.1,0.9950808992547129,0.9948889964104382,0.9950244276731994,0.9945005464532147,0.99505387712898,0.9946853502728764,0.9944521495172249,1.0,0.9949009451049122,0.9939290089461463,0.9951194767261877,0.9945523230577177
6,8,1.1534818041096826,0.6476,5000,1.578896332670141,0.60984393757503,833,1.5387493429092554,0.6338,0.997379402389678,0.08332508087814479,,,0.99,,0.9900107286803723,0.00998927131962768,0.9985228106318297,0.09974780910014452,5,0.001,0.1,0.9952870471390534,0.9951478342572251,0.9946996135173604,0.9936330569165072,0.9939739763125434,0.9938452946893593,0.9929519709719,0.9949009451049122,1.0,0.9943861619076052,0.9952374814819316,0.9943060588152004
6,9,1.1470994578804938,0.65768,5000,1.5305548597265173,0.6470588235294118,833,1.5387493429092554,0.6338,0.9974541638271535,0.08333815190669565,,,0.99,,0.9900107286803723,0.00998927131962768,0.9985228106318297,0.09974780910014452,5,0.001,0.1,0.9949237425914917,0.9948425109181437,0.9939881579325541,0.9935432362079533,0.9947426922247722,0.995399136879503,0.9939394936398982,0.9939290089461463,0.9943861619076052,1.0,0.9945632146953597,0.9950061006996622
6,10,1.156263087509544,0.64328,5000,1.5400962564680312,0.6206482593037215,833,1.5387493429092554,0.6338,0.9977776894915866,0.08335125116837479,,,0.99,,0.9900107286803723,0.00998927131962768,0.9985228106318297,0.09974780910014452,5,0.001,0.1,0.9943301017687951,0.9952437518009887,0.9952320672131829,0.9939760952264689,0.994709580737138,0.9948237352839515,0.9948979811556632,0.9951194767261877,0.9952374814819316,0.9945632146953597,1.0,0.9950021408227452
6,11,1.142006380087251,0.6546,5000,1.5109663142098322,0.6506602641056423,833,1.5387493429092554,0.6338,0.997484097439139,0.08332147128053913,,,0.99,,0.9900107286803723,0.00998927131962768,0.9985228106318297,0.09974780910014452,5,0.001,0.1,0.9941636117949258,0.9945872934789602,0.9944849278755101,0.9931938780801419,0.9942129500402327,0.9954239119324465,0.9946899763091758,0.9945523230577177,0.9943060588152004,0.9950061006996622,0.9950021408227452,1.0
7,0,1.0964005538612414,0.65044,5000,1.4027541478474934,0.6402877697841727,834,1.3988845371209775,0.652,0.9964653362430782,0.08332032265091711,,,0.99,,0.9900107286803723,0.00998927131962768,0.9982491696376399,0.0996752464153199,5,0.001,0.1,1.0,0.9927029527844592,0.9922696200485235,0.9923203186079549,0.9924852166163135,0.9921692796065245,0.992163704607071,0.9935884399675304,0.9936810535909711,0.9930529270984491,0.9920705517813866,0.9922478241121795
7,1,1.0844795135935401,0.6634,5000,1.3946021353756939,0.6606714628297362,834,1.3988845371209775,0.652,0.9970350330894602,0.08335443875006666,,,0.99,,0.9900107286803723,0.00998927131962768,0.9982491696376399,0.0996752464153199,5,0.001,0.1,0.9927029527844592,1.0,0.9937706312058565,0.9916966899373157,0.9932495994528815,0.9934188119437235,0.9939742701484423,0.9930589051781303,0.9939604619776319,0.993432743805284,0.9932257255450827,0.9930725979986971
7,2,1.0906808252547198,0.65768,5000,1.3576603553913258,0.6810551558752997,834,1.3988845371209775,0.652,0.9969489691304959,0.08334562090038673,,,0.99,,0.9900107286803723,0.00998927131962768,0.9982491696376399,0.0996752464153199,5,0.001,0.1,0.9922696200485235,0.9937706312058565,1.0,0.9923785461898976,0.9929676823596466,0.9927985165897562,0.9935422325812684,0.993880874798657,0.9936474277702309,0.9921175900343139,0.9943392461543212,0.9928222842464057
