round,client_id,client_i_training_loss,client_i_training_accuracy,client_i_training_dataset_size,client_i_evaluation_loss,client_i_evaluation_accuracy,client_i_evaluation_dataset_size,client_i_central_evaluation_loss,client_i_central_evaluation_accuracy,client_i_cosine_similarity,client_i_importance_coefficient,client_i_tanh_val,tanh_normalization_value,client_i_q,client_i_mask_order,client_i_v_nonzero_fraction,client_i_v_sparsity,client_i_v_cosine_similarity,client_i_reward_gradient_norm,local_epochs,learning_rate,gamma,client_0_cosine_similarity,client_1_cosine_similarity,client_2_cosine_similarity,client_3_cosine_similarity,client_4_cosine_similarity,client_5_cosine_similarity,client_6_cosine_similarity,client_7_cosine_similarity,client_8_cosine_similarity,client_9_cosine_similarity,client_10_cosine_similarity,client_11_cosine_similarity
0,0,2.0558365610754414,0.36292,5000,2.244863201070715,0.1486810551558753,834,2.2427071199630397,0.1646,0.9976536572713633,0.08330105956280387,,,1.0,,1.0,0.0,0,0.09980402081296408,5,0.001,0.1,1.0,0.996366488512727,0.9957520410794284,0.995377691086062,0.9951184988141432,0.9944921091337026,0.9942202814950092,0.9955781643565109,0.9948660315748882,0.9959193967187122,0.9960640576346673,0.9946265104891372
0,1,2.061461729608524,0.3742,5000,2.2377894542835377,0.16906474820143885,834,2.2427071199630397,0.1646,0.9984565550489806,0.08336809909612153,,,1.0,,1.0,0.0,0,0.09980402081296408,5,0.001,0.1,0.996366488512727,1.0,0.9955896486995154,0.9971531202815505,0.996922986153835,0.9957169671449819,0.995772624068559,0.99657559098258,0.9961023710889508,0.9954020677699144,0.9963020319333805,0.9960932646735728
0,2,2.057712478698439,0.37664,5000,2.244473589791192,0.15707434052757793,834,2.2427071199630397,0.1646,0.9980295597786688,0.08333244628395968,,,1.0,,1.0,0.0,0,0.09980402081296408,5,0.001,0.1,0.9957520410794284,0.9955896486995154,1.0,0.9954645989751334,0.9954709587161784,0.9962898229576668,0.9943842328624215,0.9953330100754675,0.9956949022565904,0.9971139690148206,0.9966473928526851,0.9951426828547886
0,3,2.0659146703732243,0.3858,5000,2.236744483311971,0.18585131894484413,834,2.2427071199630397,0.1646,0.9985053966544566,0.08337217722229011,,,1.0,,1.0,0.0,0,0.09980402081296408,5,0.001,0.1,0.995377691086062,0.9971531202815505,0.9954645989751334,1.0,0.996970240256094,0.9958773598811839,0.9939235741604989,0.9971942681941144,0.9972747713095521,0.9952153842379537,0.9972902141827394,0.9968408896359994
0,4,2.0528326330670885,0.3796,5000,2.2416726306632713,0.16806722689075632,833,2.2427071199630397,0.1646,0.9982057453210997,0.08334715724327625,,,1.0,,1.0,0.0,0,0.09980402081296408,5,0.001,0.1,0.9951184988141432,0.996922986153835,0.9954709587161784,0.996970240256094,1.0,0.9966069332153715,0.9957039058577424,0.9967781842574446,0.9954531988865563,0.994358614351814,0.9971598088185288,0.9944500129769177
0,5,2.05535528006827,0.41376,5000,2.2361244448909052,0.16566626650660263,833,2.2427071199630397,0.1646,0.9981150202012163,0.08333958197047474,,,1.0,,1.0,0.0,0,0.09980402081296408,5,0.001,0.1,0.9944921091337026,0.9957169671449819,0.9962898229576668,0.9958773598811839,0.9966069332153715,1.0,0.9949217594730433,0.9967677334068574,0.9962717733592356,0.9954990215793817,0.9963513574037377,0.9951119364289318
0,6,2.0486329417319813,0.39744,5000,2.2448725170559354,0.15126050420168066,833,2.2427071199630397,0.1646,0.9968598829448366,0.08323478181002714,,,1.0,,1.0,0.0,0,0.09980402081296408,5,0.001,0.1,0.9942202814950092,0.995772624068559,0.9943842328624215,0.9939235741604989,0.9957039058577424,0.9949217594730433,1.0,0.996000027786852,0.9924210285419681,0.9939631566114486,0.9953518830060339,0.9922121712356398
0,7,2.056926398823975,0.40948,5000,2.2433287832472057,0.15486194477791115,833,2.2427071199630397,0.1646,0.9984981880029863,0.0833715753217196,,,1.0,,1.0,0.0,0,0.09980402081296408,5,0.001,0.1,0.9955781643565109,0.99657559098258,0.9953330100754675,0.9971942681941144,0.9967781842574446,0.9967677334068574,0.996000027786852,1.0,0.9963238072579333,0.9953888383369595,0.9972582109704604,0.995297941129466
0,8,2.0617166250374668,0.391,5000,2.2419905397627087,0.17406962785114047,833,2.2427071199630397,0.1646,0.9980299048058747,0.08333247509268667,,,1.0,,1.0,0.0,0,0.09980402081296408,5,0.001,0.1,0.9948660315748882,0.9961023710889508,0.9956949022565904,0.9972747713095521,0.9954531988865563,0.9962717733592356,0.9924210285419681,0.9963238072579333,1.0,0.9949396128826059,0.9966882335912997,0.9968516617775832
0,9,2.060524914826557,0.38116,5000,2.2397250952544034,0.17647058823529413,833,2.2427071199630397,0.1646,0.9977001408355708,0.0833049407996665,,,1.0,,1.0,0.0,0,0.09980402081296408,5,0.001,0.1,0.9959193967187122,0.9954020677699144,0.9971139690148206,0.9952153842379537,0.994358614351814,0.9954990215793817,0.9939631566114486,0.9953888383369595,0.9949396128826059,1.0,0.9962883507905465,0.9948495680078197
0,10,2.066178945067582,0.37236,5000,2.2477427941781505,0.15006002400960383,833,2.2427071199630397,0.1646,0.9987954192205186,0.08339639322839003,,,1.0,,1.0,0.0,0,0.09980402081296408,5,0.001,0.1,0.9960640576346673,0.9963020319333805,0.9966473928526851,0.9972902141827394,0.9971598088185288,0.9963513574037377,0.9953518830060339,0.9972582109704604,0.9966882335912997,0.9962883507905465,1.0,0.996654020748543
0,11,2.0620315594278322,0.38048,5000,2.2364541777858027,0.17406962785114047,833,2.2427071199630397,0.1646,0.9976327320308839,0.08329931236858386,,,1.0,,1.0,0.0,0,0.09980402081296408,5,0.001,0.1,0.9946265104891372,0.9960932646735728,0.9951426828547886,0.9968408896359994,0.9944500129769177,0.9951119364289318,0.9922121712356398,0.995297941129466,0.9968516617775832,0.9948495680078197,0.996654020748543,1.0
1,0,1.823534673945919,0.48088,5000,2.1721901098887124,0.2853717026378897,834,2.1689478459830482,0.3118,0.9984877420541685,0.08330932115907494,,,1.0,,1.0,0.0,0.9840388979646785,0.09986186478648125,5,0.001,0.1,1.0,0.9976073108846872,0.9966556842209273,0.997379915579534,0.9963687122871789,0.9961261047805319,0.9957822329603778,0.9971210608263944,0.9970471156440842,0.9969375336616543,0.9973908141667284,0.9968844685969817
1,1,1.8268904582710024,0.49768,5000,2.1646402058777987,0.3069544364508393,834,2.1689478459830482,0.3118,0.9988814475433161,0.0833631388622786,,,1.0,,1.0,0.0,0.9840388979646785,0.09986186478648125,5,0.001,0.1,0.9976073108846872,1.0,0.9970967870538097,0.9979554739961123,0.9976410564303073,0.9970272036205284,0.9965383773499757,0.9973657420300056,0.9974557417672839,0.9967620274975548,0.9970550083562266,0.9975129344313862
1,2,1.8247994324204269,0.49124,5000,2.171119946020621,0.3117505995203837,834,2.1689478459830482,0.3118,0.9987954909814702,0.08333850117096475,,,1.0,,1.0,0.0,0.9840388979646785,0.09986186478648125,5,0.001,0.1,0.9966556842209273,0.9970967870538097,1.0,0.9972219646648642,0.9970343921183706,0.9977279742235082,0.9968720458007212,0.9970050823641332,0.9969230674582809,0.9976545832282062,0.9977688937173831,0.997028518662956
1,3,1.8331517603746645,0.51732,5000,2.1623409942344383,0.33573141486810554,834,2.1689478459830482,0.3118,0.998972146663811,0.08336856703985084,,,1.0,,1.0,0.0,0.9840388979646785,0.09986186478648125,5,0.001,0.1,0.997379915579534,0.9979554739961123,0.9972219646648642,1.0,0.9977215367961617,0.9969545075209082,0.9958327488943125,0.9980354909558254,0.9976280860312898,0.9965536572084702,0.9980349463945563,0.997784185001362
1,4,1.8192848664180488,0.50916,5000,2.1665961742401123,0.31212484993997597,833,2.1689478459830482,0.3118,0.9985784359276982,0.08334051686738347,,,1.0,,1.0,0.0,0.9840388979646785,0.09986186478648125,5,0.001,0.1,0.9963687122871789,0.9976410564303073,0.9970343921183706,0.9977215367961617,1.0,0.9972867821099608,0.9962934743212046,0.9974119537083865,0.9969200008134308,0.9959135400857572,0.9972834222268047,0.9965106906413038
1,5,1.8162495933520566,0.52124,5000,2.1595490243699818,0.35414165666266506,833,2.1689478459830482,0.3118,0.9985938408434234,0.08333636867269663,,,1.0,,1.0,0.0,0.9840388979646785,0.09986186478648125,5,0.001,0.1,0.9961261047805319,0.9970272036205284,0.9977279742235082,0.9969545075209082,0.9972867821099608,1.0,0.9961006815047254,0.997074759998705,0.9973364034207376,0.9968278024930108,0.996900952029597,0.9972085839267029
1,6,1.806841884221241,0.50112,5000,2.17128684785631,0.29891956782713086,833,2.1689478459830482,0.3118,0.9977733964745013,0.08324562184053841,,,1.0,,1.0,0.0,0.9840388979646785,0.09986186478648125,5,0.001,0.1,0.9957822329603778,0.9965383773499757,0.9968720458007212,0.9958327488943125,0.9962934743212046,0.9961006815047254,1.0,0.9965951142441068,0.9946446130827852,0.9964085099845539,0.9963531461223881,0.9953244267599469
1,7,1.8196067858653464,0.5158,5000,2.1697066095140247,0.30012004801920766,833,2.1689478459830482,0.3118,0.9988265290426125,0.08336349807971993,,,1.0,,1.0,0.0,0.9840388979646785,0.09986186478648125,5,0.001,0.1,0.9971210608263944,0.9973657420300056,0.9970050823641332,0.9980354909558254,0.9974119537083865,0.997074759998705,0.9965951142441068,1.0,0.9972177612307321,0.9966019929758508,0.9978606782904318,0.9970688320096083
1,8,1.8267509164324232,0.5174,5000,2.169209427303738,0.3277310924369748,833,2.1689478459830482,0.3118,0.9986197230769023,0.08333284587125592,,,1.0,,1.0,0.0,0.9840388979646785,0.09986186478648125,5,0.001,0.1,0.9970471156440842,0.9974557417672839,0.9969230674582809,0.9976280860312898,0.9969200008134308,0.9973364034207376,0.9946446130827852,0.9972177612307321,1.0,0.9965526184206652,0.9972950874318877,0.9978596478867541
1,9,1.824728897422742,0.4946,5000,2.1632727781931558,0.32292917166866747,833,2.1689478459830482,0.3118,0.9983539883062077,0.08330738430887447,,,1.0,,1.0,0.0,0.9840388979646785,0.09986186478648125,5,0.001,0.1,0.9969375336616543,0.9967620274975548,0.9976545832282062,0.9965536572084702,0.9959135400857572,0.9968278024930108,0.9964085099845539,0.9966019929758508,0.9965526184206652,1.0,0.996943853680057,0.9965438083803824
1,10,1.8350911227001505,0.49856,5000,2.172529202920419,0.2809123649459784,833,2.1689478459830482,0.3118,0.9989017057580617,0.08338114354631834,,,1.0,,1.0,0.0,0.9840388979646785,0.09986186478648125,5,0.001,0.1,0.9973908141667284,0.9970550083562266,0.9977688937173831,0.9980349463945563,0.9972834222268047,0.996900952029597,0.9963531461223881,0.9978606782904318,0.9972950874318877,0.996943853680057,1.0,0.9973721355647359
1,11,1.8262780394523765,0.51308,5000,2.165813693293819,0.304921968787515,833,2.1689478459830482,0.3118,0.9986377903036424,0.08331309258104375,,,1.0,,1.0,0.0,0.9840388979646785,0.09986186478648125,5,0.001,0.1,0.9968844685969817,0.9975129344313862,0.997028518662956,0.997784185001362,0.9965106906413038,0.9972085839267029,0.9953244267599469,0.9970688320096083,0.9978596478867541,0.9965438083803824,0.9973721355647359,1.0
2,0,1.626566038693592,0.54968,5000,2.0794348275219954,0.42685851318944845,834,2.075115487217522,0.4298,0.9986355728031197,0.08331409602304683,,,1.0,,1.0,0.0,0.994135545558028,0.09987755055091328,5,0.001,0.1,1.0,0.996964263796928,0.9971306364909409,0.9977084233100786,0.9969481223410074,0.9970437253908929,0.9962402927090703,0.9974931429757128,0.9974879221702351,0.9970916818897227,0.9979369379067339,0.9969069126184736
2,1,1.6300232720223202,0.56224,5000,2.0719905164506702,0.42565947242206237,834,2.075115487217522,0.4298,0.998847167338722,0.0833539255776395,,,1.0,,1.0,0.0,0.994135545558028,0.09987755055091328,5,0.001,0.1,0.996964263796928,1.0,0.9976123808009578,0.9978268381257429,0.9976064230087592,0.9974984891533005,0.9970715643345619,0.9972068110977427,0.9974056573743036,0.9973866097568116,0.9973175552841582,0.9975909724703715
2,2,1.6263482717951392,0.5626,5000,2.0774678300928184,0.4352517985611511,834,2.075115487217522,0.4298,0.9989372879310634,0.08334172639022455,,,1.0,,1.0,0.0,0.994135545558028,0.09987755055091328,5,0.001,0.1,0.9971306364909409,0.9976123808009578,1.0,0.9977041504862414,0.9975297941281668,0.9979131035701317,0.9975497223307435,0.9970794681931715,0.997423157555253,0.9976508142251808,0.9977852830719128,0.9971902402594522
2,3,1.6358191980677805,0.58916,5000,2.068102386262682,0.44964028776978415,834,2.075115487217522,0.4298,0.999118742537648,0.08336601874803042,,,1.0,,1.0,0.0,0.994135545558028,0.09987755055091328,5,0.001,0.1,0.9977084233100786,0.9978268381257429,0.9977041504862414,1.0,0.9978088687258009,0.9977728688619856,0.9966240911802601,0.9978681546304763,0.9980550631421733,0.9969487453426413,0.9982464346838067,0.9981776448134327
2,4,1.620001950537323,0.57816,5000,2.0704713044343173,0.4369747899159664,833,2.075115487217522,0.4298,0.9988347475816634,0.08333965308103895,,,1.0,,1.0,0.0,0.994135545558028,0.09987755055091328,5,0.001,0.1,0.9969481223410074,0.9976064230087592,0.9975297941281668,0.9978088687258009,1.0,0.9978914887029289,0.9971334475417272,0.997545140621986,0.9974865829494057,0.9965490273156684,0.99774111579837,0.9970986626759895
2,5,1.6147760309990804,0.58552,5000,2.062644675925926,0.4645858343337335,833,2.075115487217522,0.4298,0.9989088362540354,0.08333950052399036,,,1.0,,1.0,0.0,0.994135545558028,0.09987755055091328,5,0.001,0.1,0.9970437253908929,0.9974984891533005,0.9979131035701317,0.9977728688619856,0.9978914887029289,1.0,0.9969632095451146,0.9976609721398432,0.997617127989043,0.9971355638807299,0.9975293531431834,0.997201018237623
2,6,1.6068958442681913,0.567,5000,2.077491698441682,0.39615846338535415,833,2.075115487217522,0.4298,0.9982195643801168,0.08326160999859158,,,1.0,,1.0,0.0,0.994135545558028,0.09987755055091328,5,0.001,0.1,0.9962402927090703,0.9970715643345619,0.9975497223307435,0.9966240911802601,0.9971334475417272,0.9969632095451146,1.0,0.9965761513867918,0.9959487398508806,0.9971113048921433,0.9967120077121236,0.9960396184311888
2,7,1.618211945302927,0.58376,5000,2.0760681143513433,0.40816326530612246,833,2.075115487217522,0.4298,0.9988044455471278,0.08335276707168882,,,1.0,,1.0,0.0,0.994135545558028,0.09987755055091328,5,0.001,0.1,0.9974931429757128,0.9972068110977427,0.9970794681931715,0.9978681546304763,0.997545140621986,0.9976609721398432,0.9965761513867918,1.0,0.9977077916143292,0.9967581602894798,0.9978882772568748,0.9971904760430416
2,8,1.6273514960222184,0.57688,5000,2.0769161824826843,0.4417767106842737,833,2.075115487217522,0.4298,0.9988709963507142,0.08333611914269541,,,1.0,,1.0,0.0,0.994135545558028,0.09987755055091328,5,0.001,0.1,0.9974879221702351,0.9974056573743036,0.997423157555253,0.9980550631421733,0.9974865829494057,0.997617127989043,0.9959487398508806,0.9977077916143292,1.0,0.9969253538110969,0.9980103711765214,0.997704533664102
2,9,1.6289804885341863,0.55768,5000,2.066115944473832,0.4525810324129652,833,2.075115487217522,0.4298,0.9984707893577622,0.08330759024234646,,,1.0,,1.0,0.0,0.994135545558028,0.09987755055091328,5,0.001,0.1,0.9970916818897227,0.9973866097568116,0.9976508142251808,0.9969487453426413,0.9965490273156684,0.9971355638807299,0.9971113048921433,0.9967581602894798,0.9969253538110969,1.0,0.996884423850197,0.9965373267407799
2,10,1.6375528284698535,0.56568,5000,2.0768613108882197,0.4057623049219688,833,2.075115487217522,0.4298,0.9990126278715331,0.08337030590792224,,,1.0,,1.0,0.0,0.994135545558028,0.09987755055091328,5,0.001,0.1,0.9979369379067339,0.9973175552841582,0.9977852830719128,0.9982464346838067,0.99774111579837,0.9975293531431834,0.9967120077121236,0.9978882772568748,0.9980103711765214,0.996884423850197,1.0,0.9974175801754389
2,11,1.62609108557367,0.58316,5000,2.0763415142341897,0.4141656662665066,833,2.075115487217522,0.4298,0.9986442070688454,0.08331668729278491,,,1.0,,1.0,0.0,0.994135545558028,0.09987755055091328,5,0.001,0.1,0.9969069126184736,0.9975909724703715,0.9971902402594522,0.9981776448134327,0.9970986626759895,0.997201018237623,0.9960396184311888,0.9971904760430416,0.997704533664102,0.9965373267407799,0.9974175801754389,1.0
3,0,1.4703527701888115,0.5952,5000,1.9679731351357919,0.5035971223021583,834,1.9624863455470758,0.5064,0.9988342498219647,0.08332311094570662,,,1.0,,1.0,0.0,0.9960610399751731,0.09987855408111442,5,0.001,0.1,1.0,0.9974265673000295,0.9973648003656949,0.9977337857628212,0.9971750375557591,0.99728812177193,0.9969493953065958,0.9974915091125709,0.9974674813509762,0.9977773409116119,0.9977695824292082,0.9970107990276641
3,1,1.4721642287673464,0.60248,5000,1.9610246684816148,0.49760191846522783,834,1.9624863455470758,0.5064,0.9988533402724558,0.08334815020099941,,,1.0,,1.0,0.0,0.9960610399751731,0.09987855408111442,5,0.001,0.1,0.9974265673000295,1.0,0.9976425799581091,0.997835226286698,0.997206413359487,0.9977359913885611,0.9969501578005485,0.9971690080146071,0.9975417437700956,0.9971463738445082,0.9975165071196405,0.9975114165166719
3,2,1.468389972304083,0.6022,5000,1.9649423007611875,0.5203836930455635,834,1.9624863455470758,0.5064,0.9988205625461946,0.08333961191953175,,,1.0,,1.0,0.0,0.9960610399751731,0.09987855408111442,5,0.001,0.1,0.9973648003656949,0.9976425799581091,1.0,0.9973510642291455,0.997206053051758,0.9977150067864009,0.997304545949813,0.996935992735648,0.9975891515357702,0.9973880796148565,0.9976933182647839,0.9970993324481447
3,3,1.4758890702466296,0.62256,5000,1.9553490700545135,0.5203836930455635,834,1.9624863455470758,0.5064,0.9990257570922225,0.08336113007932612,,,1.0,,1.0,0.0,0.9960610399751731,0.09987855408111442,5,0.001,0.1,0.9977337857628212,0.997835226286698,0.9973510642291455,1.0,0.9975086305914292,0.99752729174597,0.9970838845108642,0.9978991195373965,0.9978490635439988,0.9970975927970995,0.9979199328568644,0.9979424882683015
3,4,1.460925167229525,0.61768,5000,1.954584170270849,0.5162064825930373,833,1.9624863455470758,0.5064,0.9986926416452628,0.08333421216235662,,,1.0,,1.0,0.0,0.9960610399751731,0.09987855408111442,5,0.001,0.1,0.9971750375557591,0.997206413359487,0.997206053051758,0.9975086305914292,1.0,0.9975810618480501,0.9971366051959086,0.9975530404497355,0.9975281245025531,0.9965950802433532,0.9975433368497261,0.9967228962245672
3,5,1.4544225672248063,0.6232,5000,1.9469668821052268,0.5342136854741897,833,1.9624863455470758,0.5064,0.998902586021868,0.08334089420035112,,,1.0,,1.0,0.0,0.9960610399751731,0.09987855408111442,5,0.001,0.1,0.99728812177193,0.9977359913885611,0.9977150067864009,0.99752729174597,0.9975810618480501,1.0,0.9969357305595251,0.9974010283848034,0.9977259795939342,0.9975158425372245,0.9974894613524575,0.9973571688612884
3,6,1.450263381383981,0.61144,5000,1.964850315341243,0.48619447779111646,833,1.9624863455470758,0.5064,0.9983852585315736,0.08327643655875759,,,1.0,,1.0,0.0,0.9960610399751731,0.09987855408111442,5,0.001,0.1,0.9969493953065958,0.9969501578005485,0.997304545949813,0.9970838845108642,0.9971366051959086,0.9969357305595251,1.0,0.996621493284123,0.9966648129269466,0.9972403051092903,0.9972304688905625,0.9959580909429442
3,7,1.4593343165270083,0.61512,5000,1.9637662481378626,0.49939975990396157,833,1.9624863455470758,0.5064,0.9987738239822599,0.08334487356688727,,,1.0,,1.0,0.0,0.9960610399751731,0.09987855408111442,5,0.001,0.1,0.9974915091125709,0.9971690080146071,0.996935992735648,0.9978991195373965,0.9975530404497355,0.9974010283848034,0.996621493284123,1.0,0.9976979836102133,0.9972552769338682,0.9977514050149633,0.9969527210254889
3,8,1.4658648901684268,0.62084,5000,1.9663182850237246,0.4969987995198079,833,1.9624863455470758,0.5064,0.9989304454197354,0.08333971987901262,,,1.0,,1.0,0.0,0.9960610399751731,0.09987855408111442,5,0.001,0.1,0.9974674813509762,0.9975417437700956,0.9975891515357702,0.9978490635439988,0.9975281245025531,0.9977259795939342,0.9966648129269466,0.9976979836102133,1.0,0.9972929457522287,0.9978372030798077,0.9974116591786087
3,9,1.4712073414948337,0.60552,5000,1.9495394318192094,0.5210084033613446,833,1.9624863455470758,0.5064,0.998648701456272,0.08331313340979407,,,1.0,,1.0,0.0,0.9960610399751731,0.09987855408111442,5,0.001,0.1,0.9977773409116119,0.9971463738445082,0.9973880796148565,0.9970975927970995,0.9965950802433532,0.9975158425372245,0.9972403051092903,0.9972552769338682,0.9972929457522287,1.0,0.9974618476982903,0.9964607141338654
3,10,1.4777689478199953,0.60504,5000,1.9619277803986162,0.4909963985594238,833,1.9624863455470758,0.5064,0.9990206150184925,0.08336359297800079,,,1.0,,1.0,0.0,0.9960610399751731,0.09987855408111442,5,0.001,0.1,0.9977695824292082,0.9975165071196405,0.9976933182647839,0.9979199328568644,0.9975433368497261,0.9974894613524575,0.9972304688905625,0.9977514050149633,0.9978372030798077,0.9974618476982903,1.0,0.9974735120130057
3,11,1.465128989887845,0.62232,5000,1.968714095928051,0.4897959183673469,833,1.9624863455470758,0.5064,0.9985378497135001,0.08331513409927614,,,1.0,,1.0,0.0,0.9960610399751731,0.09987855408111442,5,0.001,0.1,0.9970107990276641,0.9975114165166719,0.9970993324481447,0.9979424882683015,0.9967228962245672,0.9973571688612884,0.9959580909429442,0.9969527210254889,0.9974116591786087,0.9964607141338654,0.9974735120130057,1.0
4,0,1.3470109539426816,0.62392,5000,1.8405653061690155,0.5611510791366906,834,1.833864183852467,0.5657,0.9985860399845267,0.08332898595787527,,,1.0,,1.0,0.0,0.9980140936890295,0.09985265406187424,5,0.001,0.1,1.0,0.9967318897475897,0.9969450618757588,0.9973088387781573,0.9967776860251439,0.9968133545637389,0.9963845281862523,0.9969917202583094,0.9968315142057157,0.9971979238456622,0.9972421153351756,0.9961511370737747
4,1,1.3479762879906187,0.62332,5000,1.8345028868427984,0.5575539568345323,834,1.833864183852467,0.5657,0.9985607691316811,0.0833435257026614,,,1.0,,1.0,0.0,0.9980140936890295,0.09985265406187424,5,0.001,0.1,0.9967318897475897,1.0,0.9968942300892657,0.99717026618933,0.996976847231374,0.996835459960423,0.9965984693238363,0.99675102975999,0.9968638074130444,0.9967014317850162,0.9966680224967626,0.9968810008774625
4,2,1.3434227739929394,0.62944,5000,1.8363770643870037,0.5719424460431655,834,1.833864183852467,0.5657,0.9985798077112553,0.08333890407402933,,,1.0,,1.0,0.0,0.9980140936890295,0.09985265406187424,5,0.001,0.1,0.9969450618757588,0.9968942300892657,1.0,0.996826705510961,0.9967111789455395,0.9971496525431877,0.9970279000965175,0.9964726970542659,0.9969024152644087,0.9968605888438375,0.9973689399147219,0.9961415957556298
4,3,1.34976782662094,0.64168,5000,1.8268435487040766,0.5839328537170264,834,1.833864183852467,0.5657,0.9987501600058251,0.08335759852191503,,,1.0,,1.0,0.0,0.9980140936890295,0.09985265406187424,5,0.001,0.1,0.9973088387781573,0.99717026618933,0.996826705510961,1.0,0.9969676336920373,0.99684956971494,0.9964686680763717,0.9973442255164223,0.9972974042450238,0.9963777804915874,0.9973322434671537,0.9973976840931656
4,4,1.3355496065631793,0.63924,5000,1.8216441384068243,0.5834333733493398,833,1.833864183852467,0.5657,0.9985640628591377,0.08333508446833836,,,1.0,,1.0,0.0,0.9980140936890295,0.09985265406187424,5,0.001,0.1,0.9967776860251439,0.996976847231374,0.9967111789455395,0.9969676336920373,1.0,0.9969652006927764,0.9969705441269262,0.9970395048461258,0.9971689831753392,0.996103305780461,0.9971418940047228,0.9962894679228945
4,5,1.3291887372921987,0.64228,5000,1.8150634279957525,0.5870348139255702,833,1.833864183852467,0.5657,0.9985347582134457,0.08333823639764079,,,1.0,,1.0,0.0,0.9980140936890295,0.09985265406187424,5,0.001,0.1,0.9968133545637389,0.996835459960423,0.9971496525431877,0.99684956971494,0.9969652006927764,1.0,0.9962496844887098,0.9969310329964683,0.9969683976171733,0.9968804103856886,0.9968083195795795,0.996309671323159
4,6,1.3249430813607137,0.6342,5000,1.8360575879061665,0.5498199279711885,833,1.833864183852467,0.5657,0.9982159942556231,0.0832884189777731,,,1.0,,1.0,0.0,0.9980140936890295,0.09985265406187424,5,0.001,0.1,0.9963845281862523,0.9965984693238363,0.9970279000965175,0.9964686680763717,0.9969705441269262,0.9962496844887098,1.0,0.9959564977402758,0.9963377944730392,0.9969067621819856,0.9967695490258696,0.995273828959084
4,7,1.3344263637141818,0.6388,5000,1.8354948317563091,0.5630252100840336,833,1.833864183852467,0.5657,0.99855814828777,0.08334143170530842,,,1.0,,1.0,0.0,0.9980140936890295,0.09985265406187424,5,0.001,0.1,0.9969917202583094,0.99675102975999,0.9964726970542659,0.9973442255164223,0.9970395048461258,0.9969310329964683,0.9959564977402758,1.0,0.9972760767235054,0.9965591774211819,0.9972474610451665,0.9964709470323817
4,8,1.3412378502499527,0.6384,5000,1.8404675413061071,0.5618247298919568,833,1.833864183852467,0.5657,0.9986888480296907,0.08334248971756628,,,1.0,,1.0,0.0,0.9980140936890295,0.09985265406187424,5,0.001,0.1,0.9968315142057157,0.9968638074130444,0.9969024152644087,0.9972974042450238,0.9971689831753392,0.9969683976171733,0.9963377944730392,0.9972760767235054,1.0,0.996685544860548,0.997438729530729,0.996836197657439
4,9,1.3472343280816534,0.63312,5000,1.8162328622959278,0.575030012004802,833,1.833864183852467,0.5657,0.9983773877973453,0.08331613264688238,,,1.0,,1.0,0.0,0.9980140936890295,0.09985265406187424,5,0.001,0.1,0.9971979238456622,0.9967014317850162,0.9968605888438375,0.9963777804915874,0.996103305780461,0.9968804103856886,0.9969067621819856,0.9965591774211819,0.996685544860548,1.0,0.9967830313580771,0.9958208572991754
4,10,1.3542208514395793,0.62852,5000,1.8307658213156242,0.5546218487394958,833,1.833864183852467,0.5657,0.9987526931462466,0.0833591906627974,,,1.0,,1.0,0.0,0.9980140936890295,0.09985265406187424,5,0.001,0.1,0.9972421153351756,0.9966680224967626,0.9973689399147219,0.9973322434671537,0.9971418940047228,0.9968083195795795,0.9967695490258696,0.9972474610451665,0.997438729530729,0.9967830313580771,1.0,0.9965711562727353
4,11,1.3401247335847017,0.6386,5000,1.8455691602494981,0.539015606242497,833,1.833864183852467,0.5657,0.9981494072437672,0.08331000116721231,,,1.0,,1.0,0.0,0.9980140936890295,0.09985265406187424,5,0.001,0.1,0.9961511370737747,0.9968810008774625,0.9961415957556298,0.9973976840931656,0.9962894679228945,0.996309671323159,0.995273828959084,0.9964709470323817,0.996836197657439,0.9958208572991754,0.9965711562727353,1.0
5,0,1.2496816598685683,0.6434,5000,1.7025078181867246,0.617505995203837,834,1.6948854854693427,0.6134,0.9983300314418562,0.08333542239823535,,,1.0,,1.0,0.0,0.9982754522523618,0.09981827656269289,5,0.001,0.1,1.0,0.9962614999260915,0.9959953166220309,0.9969767530454428,0.99653054338025,0.995917237220087,0.9952485064258293,0.9963638315955626,0.996203912192408,0.996560710689415,0.9964991247244565,0.9956318115501109
5,1,1.2484348038199602,0.63948,5000,1.697931514845954,0.6031175059952039,834,1.6948854854693427,0.6134,0.9982535062932631,0.08334186983708322,,,1.0,,1.0,0.0,0.9982754522523618,0.09981827656269289,5,0.001,0.1,0.9962614999260915,1.0,0.9962894144202658,0.9969467230681375,0.9962519070554146,0.9958825125844237,0.9955996150489074,0.9959796564035028,0.9961192914865195,0.9957564730681152,0.9960994298341247,0.9960857561563315
5,2,1.2430878690093945,0.6444,5000,1.6975077302367598,0.6258992805755396,834,1.6948854854693427,0.6134,0.9982172027964984,0.08333786332700642,,,1.0,,1.0,0.0,0.9982754522523618,0.09981827656269289,5,0.001,0.1,0.9959953166220309,0.9962894144202658,1.0,0.9963980388898409,0.9962415378391685,0.9961919278667187,0.996402303500011,0.9954728263970765,0.9960429221807328,0.9959707455666169,0.9961416454012706,0.9956914951351725
5,3,1.247928789239021,0.65756,5000,1.6881520394925718,0.6247002398081535,834,1.6948854854693427,0.6134,0.9985889252491025,0.0833613287683912,,,1.0,,1.0,0.0,0.9982754522523618,0.09981827656269289,5,0.001,0.1,0.9969767530454428,0.9969467230681375,0.9963980388898409,1.0,0.9966001824624441,0.9960446023845946,0.9957650285993863,0.996691328377607,0.9966450593587272,0.9958287643647653,0.9966482492673117,0.9967447515651053
5,4,1.2348228936742065,0.65636,5000,1.6773042722984597,0.6206482593037215,833,1.6948854854693427,0.6134,0.9983401622210354,0.08333948985561236,,,1.0,,1.0,0.0,0.9982754522523618,0.09981827656269289,5,0.001,0.1,0.99653054338025,0.9962519070554146,0.9962415378391685,0.9966001824624441,1.0,0.9963348272739423,0.9960696576461587,0.9965447416866969,0.9964301629463969,0.9954476403627449,0.9963251848641601,0.9955342228843003
5,5,1.2275577118442316,0.65964,5000,1.6726181374655829,0.631452581032413,833,1.6948854854693427,0.6134,0.9981305880000254,0.08333465782534372,,,1.0,,1.0,0.0,0.9982754522523618,0.09981827656269289,5,0.001,0.1,0.995917237220087,0.9958825125844237,0.9961919278667187,0.9960446023845946,0.9963348272739423,1.0,0.9953407683000304,0.9960922784572191,0.9960551181265279,0.9958866456189884,0.9959299793224506,0.9961245006056368
5,6,1.2283627810751556,0.64972,5000,1.6967542833752103,0.6038415366146459,833,1.6948854854693427,0.6134,0.9976778670379743,0.08328948889124722,,,1.0,,1.0,0.0,0.9982754522523618,0.09981827656269289,5,0.001,0.1,0.9952485064258293,0.9955996150489074,0.996402303500011,0.9957650285993863,0.9960696576461587,0.9953407683000304,1.0,0.9948355981471944,0.9950132900500197,0.9961572365840983,0.9954786806749361,0.994469761639744
5,7,1.2321702640527372,0.65588,5000,1.6965565858063874,0.6194477791116446,833,1.6948854854693427,0.6134,0.9981906932249242,0.08333855786148145,,,1.0,,1.0,0.0,0.9982754522523618,0.09981827656269289,5,0.001,0.1,0.9963638315955626,0.9959796564035028,0.9954728263970765,0.996691328377607,0.9965447416866969,0.9960922784572191,0.9948355981471944,1.0,0.9965865063157562,0.9957875037904039,0.9964225234160952,0.9957426613580658
5,8,1.239504148018588,0.65464,5000,1.7051762607362535,0.5942376950780313,833,1.6948854854693427,0.6134,0.9982570737890152,0.08334134959301125,,,1.0,,1.0,0.0,0.9982754522523618,0.09981827656269289,5,0.001,0.1,0.996203912192408,0.9961192914865195,0.9960429221807328,0.9966450593587272,0.9964301629463969,0.9960551181265279,0.9950132900500197,0.9965865063157562,1.0,0.9958733067417814,0.9968074213549494,0.9955374318997169
5,9,1.2475393858684856,0.64832,5000,1.6722216738594904,0.6350540216086434,833,1.6948854854693427,0.6134,0.9980018926009042,0.08331694644137795,,,1.0,,1.0,0.0,0.9982754522523618,0.09981827656269289,5,0.001,0.1,0.996560710689415,0.9957564730681152,0.9959707455666169,0.9958287643647653,0.9954476403627449,0.9958866456189884,0.9961572365840983,0.9957875037904039,0.9958733067417814,1.0,0.9960107975301519,0.9949804162293276
5,10,1.252715174559575,0.64176,5000,1.6887517593525074,0.6014405762304922,833,1.6948854854693427,0.6134,0.9983453485790965,0.08335444244044873,,,1.0,,1.0,0.0,0.9982754522523618,0.09981827656269289,5,0.001,0.1,0.9964991247244565,0.9960994298341247,0.9961416454012706,0.9966482492673117,0.9963251848641601,0.9959299793224506,0.9954786806749361,0.9964225234160952,0.9968074213549494,0.9960107975301519,1.0,0.9960085663814516
5,11,1.236632581197532,0.65192,5000,1.7124027631900929,0.5834333733493398,833,1.6948854854693427,0.6134,0.9978592990057253,0.08330858276076117,,,1.0,,1.0,0.0,0.9982754522523618,0.09981827656269289,5,0.001,0.1,0.9956318115501109,0.9960857561563315,0.9956914951351725,0.9967447515651053,0.9955342228843003,0.9961245006056368,0.994469761639744,0.9957426613580658,0.9955374318997169,0.9949804162293276,0.9960085663814516,1.0
6,0,1.1667119883427954,0.65476,5000,1.5609832339816623,0.6414868105515588,834,1.5524567392306587,0.6465,0.9979449587101932,0.08333877570056954,,,1.0,,1.0,0.0,0.9984331519706023,0.09978161350834104,5,0.001,0.1,1.0,0.9954328325904753,0.9950663301937633,0.996163942983166,0.9955870761507567,0.9949010919197383,0.9946084763874071,0.9956156175744738,0.9955637043124196,0.9957748411940629,0.9959213928878027,0.994550553854207
6,1,1.165292062501239,0.64988,5000,1.5582065803033334,0.6402877697841727,834,1.5524567392306587,0.6465,0.9977320469693063,0.08333585676833262,,,1.0,,1.0,0.0,0.9984331519706023,0.09978161350834104,5,0.001,0.1,0.9954328325904753,1.0,0.9952630010032075,0.9958310147632009,0.9951560535578678,0.9950954882096555,0.9949025811249655,0.9948360971068779,0.9951668083912444,0.9948346424430082,0.995298646656852,0.994819404563374
6,2,1.1608941059962958,0.65732,5000,1.55489891105228,0.6426858513189448,834,1.5524567392306587,0.6465,0.9979080929606641,0.08333908279557509,,,1.0,,1.0,0.0,0.9984331519706023,0.09978161350834104,5,0.001,0.1,0.9950663301937633,0.9952630010032075,1.0,0.9957169273499048,0.9954217708634394,0.9954445755250231,0.9955880875907552,0.994556425762468,0.995363662561439,0.995433859724314,0.996146055049945,0.9947443024990872
6,3,1.164824381299839,0.66984,5000,1.5459119346406724,0.6666666666666666,834,1.5524567392306587,0.6465,0.9982516403116506,0.08336456855827323,,,1.0,,1.0,0.0,0.9984331519706023,0.09978161350834104,5,0.001,0.1,0.996163942983166,0.9958310147632009,0.9957169273499048,1.0,0.9956642545065898,0.9952648462634963,0.9954020607026814,0.9958936050192659,0.9957290784197521,0.9951992336118493,0.9960805181638965,0.9959118751323267
6,4,1.1506036453186326,0.67008,5000,1.5286579706050731,0.6614645858343338,833,1.5524567392306587,0.6465,0.9978866490997502,0.08333938822095875,,,1.0,,1.0,0.0,0.9984331519706023,0.09978161350834104,5,0.001,0.1,0.9955870761507567,0.9951560535578678,0.9954217708634394,0.9956642545065898,1.0,0.995216950588189,0.9955004647247521,0.9954305904474009,0.9955839687040194,0.9943857285133706,0.9959513225944121,0.9945896580794071
6,5,1.1435552246251683,0.66832,5000,1.5269187026553683,0.6746698679471789,833,1.5524567392306587,0.6465,0.9977762654410646,0.08333286037226949,,,1.0,,1.0,0.0,0.9984331519706023,0.09978161350834104,5,0.001,0.1,0.9949010919197383,0.9950954882096555,0.9954445755250231,0.9952648462634963,0.995216950588189,1.0,0.9944894711644819,0.9951722202793665,0.9956116436544201,0.9953093490188453,0.995363350824997,0.9952975964331626
6,6,1.1454705086483317,0.66492,5000,1.5543835472177576,0.6362545018007203,833,1.5524567392306587,0.6465,0.9973947746599712,0.08329283619665633,,,1.0,,1.0,0.0,0.9984331519706023,0.09978161350834104,5,0.001,0.1,0.9946084763874071,0.9949025811249655,0.9955880875907552,0.9954020607026814,0.9955004647247521,0.9944894711644819,1.0,0.9936727443795995,0.9945228184388525,0.9954924156075259,0.9951833933538862,0.9932387867774556
6,7,1.1488270464216828,0.66828,5000,1.5538474718729656,0.6410564225690276,833,1.5524567392306587,0.6465,0.9977028220310803,0.08333288159268101,,,1.0,,1.0,0.0,0.9984331519706023,0.09978161350834104,5,0.001,0.1,0.9956156175744738,0.9948360971068779,0.994556425762468,0.9958936050192659,0.9954305904474009,0.9951722202793665,0.9936727443795995,1.0,0.99568643330558,0.9951003632254812,0.9956937369237421,0.9946281970901093
6,8,1.1574586472693522,0.66296,5000,1.5673404578809385,0.6218487394957983,833,1.5524567392306587,0.6465,0.9979575017935717,0.0833428165290297,,,1.0,,1.0,0.0,0.9984331519706023,0.09978161350834104,5,0.001,0.1,0.9955637043124196,0.9951668083912444,0.995363662561439,0.9957290784197521,0.9955839687040194,0.9956116436544201,0.9945228184388525,0.99568643330558,1.0,0.9952832023353249,0.9960865877671066,0.9947378382086095
6,9,1.1661262809091313,0.661,5000,1.5240736581661083,0.6794717887154862,833,1.5524567392306587,0.6465,0.9976870324919777,0.08331911490541773,,,1.0,,1.0,0.0,0.9984331519706023,0.09978161350834104,5,0.001,0.1,0.9957748411940629,0.9948346424430082,0.995433859724314,0.9951992336118493,0.9943857285133706,0.9953093490188453,0.9954924156075259,0.9951003632254812,0.9952832023353249,1.0,0.9955137536761771,0.9937718963459746
6,10,1.1693920148406058,0.65576,5000,1.5429299893202606,0.6278511404561825,833,1.5524567392306587,0.6465,0.9982328513481697,0.08335973772613814,,,1.0,,1.0,0.0,0.9984331519706023,0.09978161350834104,5,0.001,0.1,0.9959213928878027,0.995298646656852,0.996146055049945,0.9960805181638965,0.9959513225944121,0.995363350824997,0.9951833933538862,0.9956937369237421,0.9960865877671066,0.9955137536761771,1.0,0.9953937336859874
6,11,1.1527705477301482,0.66544,5000,1.575877551679258,0.6242496998799519,833,1.5524567392306587,0.6465,0.9973183264305924,0.0833020806340985,,,1.0,,1.0,0.0,0.9984331519706023,0.09978161350834104,5,0.001,0.1,0.994550553854207,0.994819404563374,0.9947443024990872,0.9959118751323267,0.9945896580794071,0.9952975964331626,0.9932387867774556,0.9946281970901093,0.9947378382086095,0.9937718963459746,0.9953937336859874,1.0
7,0,1.097197511393553,0.6688,5000,1.4230218640080206,0.6558752997601919,834,1.4133322010405909,0.6708,0.9972631756667156,0.08333900714467304,,,1.0,,1.0,0.0,0.9982842633532866,0.0997190940978991,5,0.001,0.1,1.0,0.9943746447485531,0.9936554822311181,0.9947272548131384,0.9944227707150599,0.9937766675809427,0.9929324087582145,0.9941475153707067,0.9938650449081734,0.9945033521848259,0.9945853999346965,0.992549479435596
7,1,1.0952400198407992,0.66176,5000,1.4218694545604564,0.6510791366906474,834,1.4133322010405909,0.6708,0.9971368923573358,0.08333313808453281,,,1.0,,1.0,0.0,0.9982842633532866,0.0997190940978991,5,0.001,0.1,0.9943746447485531,1.0,0.994283543141578,0.9947142408873211,0.9937758648868692,0.994228568380509,0.9930011941383389,0.9932180008564452,0.9935337611173808,0.9933122408799735,0.9939700724031579,0.9936174130951273
7,2,1.0902712528872642,0.66916,5000,1.415588868988885,0.670263788968825,834,1.4133322010405909,0.6708,0.9973806311709678,0.08334298858083955,,,1.0,,1.0,0.0,0.9982842633532866,0.0997190940978991,5,0.001,0.1,0.9936554822311181,0.994283543141578,1.0,0.9946141076662269,0.9941152946801171,0.9946365895313031,0.9941837798980341,0.992596631616583,0.9942123969128486,0.993925283167774,0.9951340226371668,0.9935891230028414
7,3,1.093565216110011,0.6808,5000,1.4067027701271906,0.684652278177458,834,1.4133322010405909,0.6708,0.9977361087278966,0.08337010539179066,,,1.0,,1.0,0.0,0.9982842633532866,0.0997190940978991,5,0.001,0.1,0.9947272548131384,0.9947142408873211,0.9946141076662269,1.0,0.9941765151340228,0.9945543851445078,0.9941159715256724,0.9940349525381633,0.99467273350723,0.9934140362115772,0.9948945826093254,0.9952800318402003
7,4,1.0801903328318505,0.67984,5000,1.3827340602874756,0.6866746698679472,833,1.4133322010405909,0.6708,0.9972080592134304,0.08333760308351361,,,1.0,,1.0,0.0,0.9982842633532866,0.0997190940978991,5,0.001,0.1,0.9944227707150599,0.9937758648868692,0.9941152946801171,0.9941765151340228,1.0,0.9942323021665526,0.9939249760669497,0.993847243147946,0.9937566301864037,0.9932606367548175,0.9946304169674434,0.9927383227133475
7,5,1.0728371171434974,0.67832,5000,1.3843025675526373,0.7082833133253301,833,1.4133322010405909,0.6708,0.9974613532932293,0.08334177745997838,,,1.0,,1.0,0.0,0.9982842633532866,0.0997190940978991,5,0.001,0.1,0.9937766675809427,0.994228568380509,0.9946365895313031,0.9945543851445078,0.9942323021665526,1.0,0.9931207835110452,0.9938744731243401,0.9946268821078791,0.9943148825851903,0.994458878853305,0.9940881044747126
7,6,1.0772623959620287,0.67648,5000,1.4157670824616044,0.6650660264105642,833,1.4133322010405909,0.6708,0.9966934365123249,0.08329242133473083,,,1.0,,1.0,0.0,0.9982842633532866,0.0997190940978991,5,0.001,0.1,0.9929324087582145,0.9930011941383389,0.9941837798980341,0.9941159715256724,0.9939249760669497,0.9931207835110452,1.0,0.9922152479012872,0.9936031038080148,0.9943558817100343,0.9938214861203024,0.9914515107609019
7,7,1.0783837123281637,0.68008,5000,1.4140805889058996,0.6638655462184874,833,1.4133322010405909,0.6708,0.996826572621934,0.08332129139364361,,,1.0,,1.0,0.0,0.9982842633532866,0.0997190940978991,5,0.001,0.1,0.9941475153707067,0.9932180008564452,0.992596631616583,0.9940349525381633,0.993847243147946,0.9938744731243401,0.9922152479012872,1.0,0.9943156377600514,0.9931066244920098,0.9940467670323787,0.9929129000404848
7,8,1.0851871947574008,0.67528,5000,1.4335226968482688,0.6542617046818727,833,1.4133322010405909,0.6708,0.9973537554294245,0.08334441158608924,,,1.0,,1.0,0.0,0.9982842633532866,0.0997190940978991,5,0.001,0.1,0.9938650449081734,0.9935337611173808,0.9942123969128486,0.99467273350723,0.9937566301864037,0.9946268821078791,0.9936031038080148,0.9943156377600514,1.0,0.9933098870724548,0.9948402539076152,0.9938879011877462
