round,client_id,client_i_training_loss,client_i_training_accuracy,client_i_training_dataset_size,client_i_evaluation_loss,client_i_evaluation_accuracy,client_i_evaluation_dataset_size,client_i_central_evaluation_loss,client_i_central_evaluation_accuracy,client_i_cosine_similarity,client_i_importance_coefficient,client_i_tanh_val,tanh_normalization_value,client_i_q,client_i_mask_order,client_i_v_nonzero_fraction,client_i_v_sparsity,client_i_v_cosine_similarity,client_i_reward_gradient_norm,local_epochs,learning_rate,gamma,client_0_cosine_similarity,client_1_cosine_similarity,client_2_cosine_similarity,client_3_cosine_similarity,client_4_cosine_similarity,client_5_cosine_similarity,client_6_cosine_similarity,client_7_cosine_similarity,client_8_cosine_similarity,client_9_cosine_similarity,client_10_cosine_similarity,client_11_cosine_similarity
0,0,0.352256219948725,0.88956,5000,2.1600962479909263,0.44844124700239807,834,2.16787185988868,0.4308,0.7935978120787603,0.0827575726565055,,,0.7749973491134903,,0.7750012549570805,0.2249987450429195,0,0.3992447118924861,5,0.1,0.5,1.0,0.5931518112423606,0.603618722611205,0.5951154964978633,0.6040901807077593,0.5980534478960418,0.6057758057096653,0.5964798112229172,0.6142817614046048,0.6022280622276253,0.6005628616203014,0.596791386791486
0,1,0.34307146125656973,0.89464,5000,2.170876697257713,0.44964028776978415,834,2.167701338807615,0.4306,0.8004527387499987,0.08347241471304298,,,0.8836796077718467,,0.8836905777822398,0.1163094222177602,0,0.399522679448498,5,0.1,0.5,0.5931518112423606,1.0,0.6028988773749396,0.6037451614405844,0.616636090539226,0.6043599115595099,0.608845567027678,0.5990587179763234,0.6131311028047199,0.6064906086654241,0.612499182793209,0.6150671413334506
0,2,0.3322316691848882,0.89556,5000,2.1795201478181063,0.4172661870503597,834,2.167870898597157,0.4307,0.7940978637354419,0.08280971879486422,,,0.7829254781950216,,0.7829376035339591,0.21706239646604086,0,0.3992799659462602,5,0.1,0.5,0.603618722611205,0.6028988773749396,1.0,0.5952312213680782,0.605802653571607,0.5946894028754623,0.5962410802415814,0.6091057281564399,0.600124669289831,0.5978157178625456,0.6042222462857915,0.6051942350463955
0,3,0.32915801693667557,0.89916,5000,2.156769037246704,0.43884892086330934,834,2.167745775308091,0.4305,0.7982632101912187,0.08324408738397426,,,0.848965464123365,,0.8489734451081773,0.1510265548918227,0,0.39947295800462945,5,0.1,0.5,0.5951154964978633,0.6037451614405844,0.5952312213680782,1.0,0.6124559472047603,0.608616795260854,0.609276563458374,0.6054505798826687,0.6233897769266741,0.5889481007052846,0.6164757335514895,0.5961824716828132
0,4,0.32098767909512016,0.89824,5000,2.1614933013916016,0.42857142857142855,833,2.1676704030448257,0.4308,0.8077894261532113,0.08423749550281863,,,0.9999999998479633,,1.0,0.0,0,0.39955952320254534,5,0.1,0.5,0.6040901807077593,0.616636090539226,0.605802653571607,0.6124559472047603,1.0,0.6287795806994293,0.6064955768202966,0.6121270435086196,0.6157774153988131,0.6103446043124527,0.623488036634786,0.610241679759915
0,5,0.32981434708897167,0.89624,5000,2.1742947454805726,0.4177671068427371,833,2.167712416511755,0.4306,0.7992062562653233,0.08334242964602223,,,0.8639171014300948,,0.8639275136790322,0.1360724863209678,0,0.3994979360281887,5,0.1,0.5,0.5980534478960418,0.6043599115595099,0.5946894028754623,0.608616795260854,0.6287795806994293,1.0,0.6081649887546596,0.5973922499626512,0.6098512342559024,0.5977491048410769,0.6090070703901237,0.607267330423458
0,6,0.33285761387532303,0.89732,5000,2.1619377975110656,0.4141656662665066,833,2.167819264597786,0.4308,0.7958883904984768,0.08299643761695513,,,0.8113135999252435,,0.8113297525224638,0.18867024747753625,0,0.39938298807024136,5,0.1,0.5,0.6057758057096653,0.608845567027678,0.5962410802415814,0.609276563458374,0.6064955768202966,0.6081649887546596,1.0,0.5911052637414898,0.60944735478302,0.5911552943810477,0.6059422168948352,0.5996649701271207
0,7,0.3364972532839532,0.89604,5000,2.1822924084133573,0.4249699879951981,833,2.167814212104383,0.4307,0.796200235516879,0.0830289572841911,,,0.8162577842435847,,0.8162793032478289,0.18372069675217106,0,0.39939754398418403,5,0.1,0.5,0.5964798112229172,0.5990587179763234,0.6091057281564399,0.6054505798826687,0.6121270435086196,0.5973922499626512,0.5911052637414898,1.0,0.6049933116139992,0.5900211696321603,0.6197471913101211,0.6096240330676749
0,8,0.33572449367256113,0.8938,5000,2.1758571377506963,0.4249699879951981,833,2.167673806412913,0.4308,0.8060546005491317,0.08405658528130489,,,0.9724949988359439,,0.9725064002811104,0.02749359971888965,0,0.3995589522731102,5,0.1,0.5,0.6142817614046048,0.6131311028047199,0.600124669289831,0.6233897769266741,0.6157774153988131,0.6098512342559024,0.60944735478302,0.6049933116139992,1.0,0.6009914249337954,0.6205949653727942,0.6170198059792911
0,9,0.33402090027667347,0.89624,5000,2.177467452155219,0.4129651860744298,833,2.168008821840865,0.4308,0.792021151846781,0.082593156157724,,,0.75,,0.750002509914161,0.24999749008583905,0,0.39910974105541375,5,0.1,0.5,0.6022280622276253,0.6064906086654241,0.5978157178625456,0.5889481007052846,0.6103446043124527,0.5977491048410769,0.5911552943810477,0.5900211696321603,0.6009914249337954,1.0,0.5982860373289685,0.610999948936265
0,10,0.3327959168875875,0.89612,5000,2.1556302264884666,0.4525810324129652,833,2.16768140914722,0.4307,0.8051585163885675,0.08396314027818677,,,0.9582879248308046,,0.9583002861302143,0.04169971386978566,0,0.39955777232156436,5,0.1,0.5,0.6005628616203014,0.612499182793209,0.6042222462857915,0.6164757335514895,0.623488036634786,0.6090070703901237,0.6059422168948352,0.6197471913101211,0.6205949653727942,0.5982860373289685,1.0,0.6101843490144735
0,11,0.33140907400780045,0.89292,5000,2.17605671176204,0.4309723889555822,833,2.1676935624009883,0.4308,0.8006981319464932,0.08349800468441036,,,0.887570223694308,,0.887585964560012,0.11241403543998796,0,0.39952661721774063,5,0.1,0.5,0.596791386791486,0.6150671413334506,0.6051942350463955,0.5961824716828132,0.610241679759915,0.607267330423458,0.5996649701271207,0.6096240330676749,0.6170198059792911,0.610999948936265,0.6101843490144735,1.0
1,0,0.31551570787812305,0.90652,5000,1.988109036728188,0.7086330935251799,834,1.999217260378999,0.6878,0.8065484657026684,0.08279463450995332,,,0.75,,0.750002509914161,0.24999749008583905,0.9627106344811459,0.40505044392213657,5,0.1,0.5,1.0,0.6179005764323633,0.6226983824080236,0.6174344310333038,0.6217192656946459,0.6341997945710383,0.6330241533104876,0.6226349461373961,0.6193527179900763,0.6213677429042754,0.6262811580403351,0.6162547046541591
1,1,0.30509299291594394,0.90916,5000,2.00475655220173,0.6966426858513189,834,1.9984323125296888,0.6875,0.8108361616853476,0.08341655579081902,,,0.8840730476558347,,0.8840821243913458,0.11591787560865419,0.9637106774034572,0.40550712496282887,5,0.1,0.5,0.6179005764323633,1.0,0.6254563894190414,0.6202406190830365,0.6357989614200428,0.6322035169313117,0.6306979447894907,0.6207630060936895,0.6213001045628526,0.631853387132118,0.6363667348261988,0.6185883830829634
1,2,0.29875108337706063,0.9058,5000,2.0155412135300814,0.6750599520383693,834,1.9991739615083883,0.6876,0.8069625842619387,0.08284352925673409,,,0.7605406711700443,,0.7605592088750565,0.23944079112494354,0.962811506076755,0.40511919683466896,5,0.1,0.5,0.6226983824080236,0.6254563894190414,1.0,0.614995363377591,0.6177443938463738,0.6206495546239452,0.6289718106276836,0.618071495228877,0.6250467924661117,0.6332765640230366,0.6278668244226046,0.6219143755464075
1,3,0.29374117674721273,0.91276,5000,1.9853740533192952,0.6870503597122302,834,1.998632119486507,0.6875,0.8067565742340228,0.08312358978829158,,,0.8209157863964585,,0.8209326841022037,0.17906731589779634,0.9634353571164254,0.4053862459157252,5,0.1,0.5,0.6174344310333038,0.6202406190830365,0.614995363377591,1.0,0.6194261985244729,0.6238074658797489,0.6262110658268906,0.6242014757273044,0.6212900230353955,0.6228962996065547,0.6395199746031215,0.6224733085995657
1,4,0.2840927410040312,0.91236,5000,1.9921920387833207,0.6782713085234093,833,1.9983165218426397,0.6874,0.8117507506723339,0.08395430323383786,,,0.9999999997844212,,1.0,0.0,0.9638798215886322,0.4055452125167418,5,0.1,0.5,0.6217192656946459,0.6357989614200428,0.6177443938463738,0.6194261985244729,1.0,0.638360415372966,0.6329513704260542,0.6268774979588745,0.6296518126822429,0.6382269673466349,0.6213450410852783,0.614738852091039
1,5,0.2868175608633905,0.91408,5000,2.000833365652296,0.6770708283313326,833,1.9984311539525041,0.6875,0.8154043334571032,0.08348958860571741,,,0.899817374749259,,0.8998243060087345,0.10017569399126547,0.9637075673004517,0.4055214147395882,5,0.1,0.5,0.6341997945710383,0.6322035169313117,0.6206495546239452,0.6238074658797489,0.638360415372966,1.0,0.6351146662110541,0.6277690834361164,0.6285200174790301,0.6356347409298645,0.6305641962537035,0.6294774094809995
1,6,0.28968610168363496,0.91216,5000,1.991475604198597,0.6914765906362546,833,1.998654819525088,0.6875,0.816085154885294,0.08328449282957136,,,0.8556030720468918,,0.8556247176346569,0.14437528236534314,0.9633262287597552,0.40546644571165497,5,0.1,0.5,0.6330241533104876,0.6306979447894907,0.6289718106276836,0.6262110658268906,0.6329513704260542,0.6351146662110541,1.0,0.628001279538544,0.6346807144311087,0.6363653506538425,0.6297013153840832,0.628792359896512
1,7,0.2945494706439934,0.90892,5000,2.0126076186144792,0.687875150060024,833,1.9988219490447365,0.6876,0.8093237141655182,0.08307067748063211,,,0.8095090142459166,,0.8095276341549119,0.1904723658450881,0.9632749183199457,0.4053506314651861,5,0.1,0.5,0.6226349461373961,0.6207630060936895,0.618071495228877,0.6242014757273044,0.6268774979588745,0.6277690834361164,0.628001279538544,1.0,0.6251122695599841,0.6290995559909505,0.6267286742693234,0.6292787683678585
1,8,0.30286048576354413,0.90856,5000,2.0103082303647644,0.6962785114045619,833,1.998326384221403,0.6874,0.81084533476463,0.08380316333864313,,,0.967417441517667,,0.9674313538476984,0.032568646152301595,0.9638755266390309,0.40554440636054223,5,0.1,0.5,0.6193527179900763,0.6213001045628526,0.6250467924661117,0.6212900230353955,0.6296518126822429,0.6285200174790301,0.6346807144311087,0.6251122695599841,1.0,0.629036599683961,0.6253968230071484,0.6293605995416569
1,9,0.29423969992952553,0.90912,5000,2.0078486424905284,0.6938775510204082,833,1.99919711934111,0.6879,0.815570714667713,0.082999915033774,,,0.7942541303856241,,0.7942673560564228,0.20573264394357715,0.9627872907213416,0.405291714649824,5,0.1,0.5,0.6213677429042754,0.631853387132118,0.6332765640230366,0.6228962996065547,0.6382269673466349,0.6356347409298645,0.6363653506538425,0.6290995559909505,0.629036599683961,1.0,0.6360996856065726,0.6272991273221117
1,10,0.29706586835205934,0.91076,5000,1.9789952966901991,0.6818727490996399,833,1.9983348876904374,0.6874,0.8147522647062179,0.08387734533138223,,,0.9834095069988007,,0.9834195070528587,0.016580492947141257,0.9638760676753273,0.4055450958572685,5,0.1,0.5,0.6262811580403351,0.6363667348261988,0.6278668244226046,0.6395199746031215,0.6213450410852783,0.6305641962537035,0.6297013153840832,0.6267286742693234,0.6253968230071484,0.6360996856065726,1.0,0.627526590001174
1,11,0.2930665692765337,0.908,5000,2.0079610965870045,0.6758703481392557,833,1.9984478565831534,0.6875,0.808213621535303,0.08334220480064401,,,0.8680445499091151,,0.8680588323879324,0.13194116761206764,0.9636528358332976,0.4054864941799126,5,0.1,0.5,0.6162547046541591,0.6185883830829634,0.6219143755464075,0.6224733085995657,0.614738852091039,0.6294774094809995,0.628792359896512,0.6292787683678585,0.6293605995416569,0.6272991273221117,0.627526590001174,1.0
2,0,0.28362359612183585,0.9138,5000,1.7778805450156883,0.8393285371702638,834,1.793097853279723,0.8319,0.8043563563010547,0.08279405783667122,,,0.75,,0.750002509914161,0.24999749008583905,0.9675212423827071,0.4042949116645348,5,0.1,0.5,1.0,0.6201961233468267,0.6180886342060244,0.6228559592951461,0.6172690100294241,0.6245513851070316,0.6199423654068118,0.6141806347773332,0.6180602739131157,0.6180660669192624,0.6248355217396641,0.6189736398633311
2,1,0.2739427580622731,0.9194,5000,1.8011073977858931,0.8225419664268585,834,1.7916821827903724,0.8317,0.8077653938074402,0.08332428225888212,,,0.8731975791316597,,0.8732091762461723,0.12679082375382766,0.9688667078685566,0.4047549892779144,5,0.1,0.5,0.6201961233468267,1.0,0.6269558869669954,0.620852661070461,0.6285595323414008,0.6236605735124137,0.6150113640607334,0.6201472045536416,0.6199044775294782,0.6277821393950435,0.6230369140571116,0.6212187307100397
2,2,0.26874086491075483,0.91768,5000,1.8140312918910273,0.8117505995203836,834,1.792787903413986,0.832,0.8079207458997603,0.0829505386390269,,,0.7863582951355111,,0.7863711661061191,0.21362883389388088,0.9678451945929745,0.4045112260956787,5,0.1,0.5,0.6180886342060244,0.6269558869669954,1.0,0.6255498931298649,0.623135647150309,0.6183854001211652,0.6106916797246985,0.6235594906849843,0.6244968503854175,0.6258179318145842,0.6276633571644709,0.6270474861860877
2,3,0.2608950786945072,0.92132,5000,1.7771126605846264,0.829736211031175,834,1.791963631733538,0.832,0.8107104149558917,0.08323299521396482,,,0.8519870454995041,,0.8520004015862658,0.14799959841373422,0.9685977829054386,0.40471966355399563,5,0.1,0.5,0.6228559592951461,0.620852661070461,0.6255498931298649,1.0,0.6269629188587232,0.6246346612085102,0.6126895413695913,0.6299661173729878,0.6235060665791721,0.6330260793519582,0.6321087176932564,0.6251074784811337
2,4,0.2593019272414315,0.92028,5000,1.7855927414364285,0.843937575030012,833,1.7914681685999179,0.8319,0.8110750846007804,0.08379535177356755,,,0.982650522792724,,0.982666532804578,0.017333467195421948,0.9690261829844388,0.4048060943149863,5,0.1,0.5,0.6172690100294241,0.6285595323414008,0.623135647150309,0.6269629188587232,1.0,0.6338544330582796,0.6171658596023106,0.6282889010614078,0.6208075419747392,0.6342309057757897,0.6197692707538158,0.6270627324097763
2,5,0.26420710383777973,0.92108,5000,1.788939604052791,0.8307322929171669,833,1.7916073646789161,0.8317,0.812500751874239,0.0835375130514542,,,0.9227417274974917,,0.922754881783043,0.07724511821695701,0.968975071900408,0.4047954906756239,5,0.1,0.5,0.6245513851070316,0.6236605735124137,0.6183854001211652,0.6246346612085102,0.6338544330582796,1.0,0.6243044250995927,0.6267950582227415,0.6194439371121813,0.6305939909483097,0.6325033931764606,0.6341991046869362
2,6,0.26338782339789873,0.91864,5000,1.7841999574943825,0.8283313325330132,833,1.7921036196212037,0.8314,0.8038214594898943,0.08309955413628292,,,0.8209820275514796,,0.820997941870388,0.179002058129612,0.9686423330201798,0.4046439453217308,5,0.1,0.5,0.6199423654068118,0.6150113640607334,0.6106916797246985,0.6126895413695913,0.6171658596023106,0.6243044250995927,1.0,0.6206232810498048,0.6215015423561684,0.6223917620861016,0.621499909718918,0.623743928710488
2,7,0.26524575523035543,0.91932,5000,1.8057704943197745,0.8391356542617047,833,1.792225249659139,0.832,0.8101082584931117,0.08317701489952141,,,0.8389800263401446,,0.838994026404297,0.161005973595703,0.9685035237763281,0.4046917359930694,5,0.1,0.5,0.6141806347773332,0.6201472045536416,0.6235594906849843,0.6299661173729878,0.6282889010614078,0.6267950582227415,0.6206232810498048,1.0,0.6238327532541531,0.6252197535513072,0.6345976574188108,0.624308415420895
2,8,0.2715933894080104,0.91748,5000,1.8079498255694355,0.8499399759903962,833,1.791471423432469,0.8321,0.8079256944653815,0.08358567077789177,,,0.9339311692981063,,0.9339440791124943,0.06605592088750567,0.9690109059863156,0.4047995796022312,5,0.1,0.5,0.6180602739131157,0.6199044775294782,0.6244968503854175,0.6235060665791721,0.6208075419747392,0.6194439371121813,0.6215015423561684,0.6238327532541531,1.0,0.6165688056904215,0.6327262977272916,0.6262219426664596
2,9,0.26942002145502314,0.919,5000,1.8003213361457542,0.8367346938775511,833,1.7926815077900506,0.8324,0.8124158315623325,0.08321055406877506,,,0.8467728481813335,,0.8467847999598413,0.15321520004015865,0.9683965554144685,0.40470923571080103,5,0.1,0.5,0.6180660669192624,0.6277821393950435,0.6258179318145842,0.6330260793519582,0.6342309057757897,0.6305939909483097,0.6223917620861016,0.6252197535513072,0.6165688056904215,1.0,0.63179397904245,0.6288118691895267
2,10,0.26557621202152815,0.9204,5000,1.7671899751380638,0.8187274909963985,833,1.7914939939785308,0.832,0.8146814436626928,0.083870021393454,,,0.9999999997676501,,1.0,0.0,0.9690267057874811,0.4048061827020483,5,0.1,0.5,0.6248355217396641,0.6230369140571116,0.6276633571644709,0.6321087176932564,0.6197692707538158,0.6325033931764606,0.621499909718918,0.6345976574188108,0.6327262977272916,0.63179397904245,1.0,0.6320013841613678
2,11,0.26041174732196104,0.92028,5000,1.802485673515885,0.82953181272509,833,1.7916338660846503,0.8321,0.8119968603443116,0.08342244595050798,,,0.8960059007787556,,0.8960242959690778,0.10397570403092216,0.9688840163582688,0.4047794084922872,5,0.1,0.5,0.6189736398633311,0.6212187307100397,0.6270474861860877,0.6251074784811337,0.6270627324097763,0.6341991046869362,0.623743928710488,0.624308415420895,0.6262219426664596,0.6288118691895267,0.6320013841613678,1.0
3,0,0.2584907071142914,0.92248,5000,1.5402954772666648,0.9112709832134293,834,1.5602182245102172,0.8973,0.8035844373566787,0.08301972389017154,,,1.0,,1.0,0.0,0.9698730722953679,0.40115901514362284,5,0.1,0.5,1.0,0.6103585566472355,0.6115247602628326,0.6080265143338102,0.6092140133423836,0.6174740260866756,0.6115491675937743,0.6139806264850179,0.6152381042086013,0.6109879817060702,0.612829028644239,0.6180656562499399
3,1,0.25382760214726113,0.92348,5000,1.5699998361093026,0.8896882494004796,834,1.558638814158333,0.8971,0.8016091961157594,0.08330263157211652,,,1.0,,1.0,0.0,0.9711163181026694,0.40115901514362284,5,0.1,0.5,0.6103585566472355,1.0,0.6136146341709995,0.6032652997732458,0.6099571259431354,0.6068845390447674,0.6153935666451423,0.6063872330166528,0.6080869898793995,0.6140669925557876,0.6118453308988473,0.6179466084504537
3,2,0.24673082035355223,0.9256,5000,1.5855475355077673,0.89568345323741,834,1.5598650553736824,0.8976,0.7989007685424893,0.0829599730905878,,,1.0,,1.0,0.0,0.9704417483463287,0.40115901514362284,5,0.1,0.5,0.6115247602628326,0.6136146341709995,1.0,0.6003760095621351,0.6077063896075389,0.6044994446706016,0.6043841422733405,0.6077922230263393,0.6067329933354346,0.6084214711639471,0.6119579985436737,0.616444278617294
3,3,0.2456591940372233,0.92572,5000,1.543559405538771,0.8992805755395683,834,1.5589516086700244,0.8972,0.7983506636465747,0.083128221124746,,,1.0,,1.0,0.0,0.9710140215572095,0.40115901514362284,5,0.1,0.5,0.6080265143338102,0.6032652997732458,0.6003760095621351,1.0,0.6128920308221047,0.6117918475968075,0.6027951702841078,0.6171696408589361,0.6058220367128305,0.6027820029222375,0.6094485557953622,0.6123920943415166
3,4,0.2334565739829544,0.92776,5000,1.554512416874921,0.8967587034813925,833,1.5583892085681708,0.8971,0.8034329463540667,0.08367898160088065,,,1.0,,1.0,0.0,0.9712605134670711,0.40115901514362284,5,0.1,0.5,0.6092140133423836,0.6099571259431354,0.6077063896075389,0.6128920308221047,1.0,0.6113107465667926,0.6173173639468996,0.6153094726596556,0.6128043114359725,0.6156150286457525,0.6110051735170687,0.6100193184444467
3,5,0.24120720815518573,0.92896,5000,1.5505891596829449,0.9027611044417767,833,1.5585584827124501,0.8971,0.8026751837537122,0.08348138697093913,,,1.0,,1.0,0.0,0.9712361629080402,0.40115901514362284,5,0.1,0.5,0.6174740260866756,0.6068845390447674,0.6044994446706016,0.6117918475968075,0.6113107465667926,1.0,0.6126642098305568,0.6137451939510652,0.6071546831815176,0.6109243089363096,0.6151105532204316,0.6154974413077753
3,6,0.24420180706141195,0.92472,5000,1.5511496243653473,0.907563025210084,833,1.5591048927733693,0.8974,0.8026141322149686,0.08318858512292734,,,1.0,,1.0,0.0,0.9708175902383183,0.40115901514362284,5,0.1,0.5,0.6115491675937743,0.6153935666451423,0.6043841422733405,0.6027951702841078,0.6173173639468996,0.6126642098305568,1.0,0.6118465152600031,0.6151633645916763,0.6119209489199744,0.6073956902128244,0.6180132863781196
3,7,0.2438788335533089,0.92504,5000,1.5714090576878301,0.9003601440576231,833,1.5592432627662682,0.8974,0.8031722586218237,0.08325949107268675,,,1.0,,1.0,0.0,0.970937521461929,0.40115901514362284,5,0.1,0.5,0.6139806264850179,0.6063872330166528,0.6077922230263393,0.6171696408589361,0.6153094726596556,0.6137451939510652,0.6118465152600031,1.0,0.6076271647687981,0.6094551917182516,0.6106162160984658,0.6195796441590844
3,8,0.24776292903004749,0.92576,5000,1.5793626573350694,0.9063625450180072,833,1.5583964125416911,0.8971,0.8012604773587743,0.08346393157090924,,,1.0,,1.0,0.0,0.9712458685167252,0.40115901514362284,5,0.1,0.5,0.6152381042086013,0.6080869898793995,0.6067329933354346,0.6058220367128305,0.6128043114359725,0.6071546831815176,0.6151633645916763,0.6076271647687981,1.0,0.6081005675861165,0.6040772383818579,0.6224374344863246
3,9,0.24599974834342386,0.92696,5000,1.566067620559975,0.8931572629051621,833,1.5597644789150347,0.8977,0.8010430047324534,0.08320737355066056,,,1.0,,1.0,0.0,0.9709836237700173,0.40115901514362284,5,0.1,0.5,0.6109879817060702,0.6140669925557876,0.6084214711639471,0.6027820029222375,0.6156150286457525,0.6109243089363096,0.6119209489199744,0.6094551917182516,0.6081005675861165,1.0,0.605713175283087,0.6148718284124786
3,10,0.24470295238895876,0.92956,5000,1.5328496451731082,0.885954381752701,833,1.5584212294020974,0.8971,0.8022947727855019,0.08368878149015292,,,1.0,,1.0,0.0,0.9712614353733053,0.40115901514362284,5,0.1,0.5,0.612829028644239,0.6118453308988473,0.6119579985436737,0.6094485557953622,0.6110051735170687,0.6151105532204316,0.6073956902128244,0.6106162160984658,0.6040772383818579,0.605713175283087,1.0,0.621837566500666
3,11,0.2369895856394833,0.92552,5000,1.5708648496203952,0.8823529411764706,833,1.5585842124951153,0.8971,0.808855951201676,0.08362091894322146,,,1.0,,1.0,0.0,0.9711883265240078,0.40115901514362284,5,0.1,0.5,0.6180656562499399,0.6179466084504537,0.616444278617294,0.6123920943415166,0.6100193184444467,0.6154974413077753,0.6180132863781196,0.6195796441590844,0.6224374344863246,0.6148718284124786,0.621837566500666,1.0
4,0,0.23784808350999834,0.92868,5000,1.2880552962974265,0.9376498800959233,834,1.3117017319408089,0.9259,0.787618728991827,0.08294817015504988,,,1.0,,1.0,0.0,0.9701977949739742,0.3963236416845639,5,0.1,0.5,1.0,0.5839945532581544,0.5869693960752955,0.5895235357659101,0.6012341661410803,0.584812897260427,0.5939987593646042,0.5885891622740728,0.597282094926278,0.5915366666242905,0.589899957111729,0.5853067338434141
4,1,0.23415131646261853,0.93228,5000,1.3223101342165913,0.9148681055155875,834,1.3100658316200915,0.9258,0.7873117846083997,0.08312593231141813,,,1.0,,1.0,0.0,0.9701977949739742,0.3963236416845639,5,0.1,0.5,0.5839945532581544,1.0,0.5932788795548801,0.5877367842091633,0.6001684985463138,0.5906567720349094,0.5853702362810238,0.5848420729961626,0.5883518045347551,0.5919697963473725,0.5926070517569301,0.5898267104438066
4,2,0.22379001515804772,0.932,5000,1.3406449026531644,0.9232613908872902,834,1.311327820387892,0.9258,0.7917001945272526,0.08305150317865279,,,1.0,,1.0,0.0,0.9701977949739742,0.3963236416845639,5,0.1,0.5,0.5869693960752955,0.5932788795548801,1.0,0.5902455163667155,0.5963022309062767,0.5842362261303458,0.5833857880704842,0.6002144917123436,0.601954186791028,0.602049088619118,0.5956008273351241,0.597988436451014
4,3,0.22625149282134452,0.9334,5000,1.2957551744249132,0.9268585131894485,834,1.310391999662113,0.9259,0.7914413595596059,0.0831545442988798,,,1.0,,1.0,0.0,0.9701977949739742,0.3963236416845639,5,0.1,0.5,0.5895235357659101,0.5877367842091633,0.5902455163667155,1.0,0.5979951330798597,0.5992460361730494,0.5834991749290681,0.6022059717802272,0.59604650676853,0.5902155474323484,0.5929078082895708,0.5992880006131274
4,4,0.2151117920484038,0.93552,5000,1.30828125388534,0.9327731092436975,833,1.3097986466587541,0.9257,0.7989767959226386,0.08378586001645723,,,1.0,,1.0,0.0,0.9701977949739742,0.3963236416845639,5,0.1,0.5,0.6012341661410803,0.6001684985463138,0.5963022309062767,0.5979951330798597,1.0,0.6024343469168691,0.5932002032548103,0.6088899941694771,0.5990609420996545,0.6036169236727799,0.5981463969540199,0.5969736606927287
4,5,0.22596614289744074,0.93384,5000,1.2982681415699147,0.921968787515006,833,1.3099845685897924,0.9258,0.7919644299954112,0.08340823738226702,,,1.0,,1.0,0.0,0.9701977949739742,0.3963236416845639,5,0.1,0.5,0.584812897260427,0.5906567720349094,0.5842362261303458,0.5992460361730494,0.6024343469168691,1.0,0.5987221435210868,0.5976352831109103,0.5897137014829378,0.5886742295869596,0.5981055914388741,0.5979003415629068
4,6,0.22000768543843915,0.93404,5000,1.3025441235966153,0.9387755102040817,833,1.3105443639877123,0.926,0.7895707063106336,0.08312916043047786,,,1.0,,1.0,0.0,0.9701977949739742,0.3963236416845639,5,0.1,0.5,0.5939987593646042,0.5853702362810238,0.5833857880704842,0.5834991749290681,0.5932002032548103,0.5987221435210868,1.0,0.5994050982898644,0.5972942050647092,0.5944589219894917,0.5852474527661324,0.5962841857831895
4,7,0.2285578915220537,0.93196,5000,1.3206010836142081,0.9279711884753902,833,1.3106901946540077,0.9261,0.7975226047891383,0.08345531113260601,,,1.0,,1.0,0.0,0.9701977949739742,0.3963236416845639,5,0.1,0.5,0.5885891622740728,0.5848420729961626,0.6002144917123436,0.6022059717802272,0.6088899941694771,0.5976352831109103,0.5994050982898644,1.0,0.5981363737679302,0.5986679688959369,0.6051943012356388,0.6023180776248477
4,8,0.23034294596131724,0.93052,5000,1.3358311344076086,0.9351740696278511,833,1.3098085874947496,0.9258,0.7942558933664284,0.0834769744500154,,,1.0,,1.0,0.0,0.9701977949739742,0.3963236416845639,5,0.1,0.5,0.597282094926278,0.5883518045347551,0.601954186791028,0.59604650676853,0.5990609420996545,0.5897137014829378,0.5972942050647092,0.5981363737679302,1.0,0.5924159290734562,0.5918172801640001,0.6020939012991977
4,9,0.22882818364817056,0.93152,5000,1.3159534048151087,0.9243697478991597,833,1.3112502021911425,0.9264,0.7932951277016047,0.08327230872666773,,,1.0,,1.0,0.0,0.9701977949739742,0.3963236416845639,5,0.1,0.5,0.5915366666242905,0.5919697963473725,0.602049088619118,0.5902155474323484,0.6036169236727799,0.5886742295869596,0.5944589219894917,0.5986679688959369,0.5924159290734562,1.0,0.5974176937734172,0.5952045554088841
4,10,0.23062985939489808,0.93268,5000,1.2851555303291038,0.9171668667466987,833,1.309835059574237,0.9257,0.7931861879357205,0.08358929475520553,,,1.0,,1.0,0.0,0.9701977949739742,0.3963236416845639,5,0.1,0.5,0.589899957111729,0.5926070517569301,0.5956008273351241,0.5929078082895708,0.5981463969540199,0.5981055914388741,0.5852474527661324,0.6051943012356388,0.5918172801640001,0.5974176937734172,1.0,0.5958872063108527
4,11,0.21995732482510863,0.9334,5000,1.3224693051090948,0.9099639855942377,833,1.3100103966344279,0.9259,0.7948578728306623,0.08360270316230263,,,1.0,,1.0,0.0,0.9701977949739742,0.3963236416845639,5,0.1,0.5,0.5853067338434141,0.5898267104438066,0.597988436451014,0.5992880006131274,0.5969736606927287,0.5979003415629068,0.5962841857831895,0.6023180776248477,0.6020939012991977,0.5952045554088841,0.5958872063108527,1.0
5,0,0.22589864727275766,0.9332,5000,1.0397489578635604,0.9580335731414868,834,1.06567197809585,0.9404,0.7819575624749754,0.08312200310793902,,,1.0,,1.0,0.0,0.9689583432718106,0.39031913444936184,5,0.1,0.5,1.0,0.5749721034857228,0.577494119206211,0.5687996081532418,0.5803769409588638,0.5782366248261891,0.5709452186258211,0.5695969536844646,0.5765652381234772,0.5779313164407905,0.573112630439361,0.5789988009391369
5,1,0.21701780958694353,0.93416,5000,1.0766299389026783,0.935251798561151,834,1.06411945020048,0.9401,0.7806800792021498,0.08319603111009963,,,1.0,,1.0,0.0,0.9689583432718106,0.39031913444936184,5,0.1,0.5,0.5749721034857228,1.0,0.5798613926628945,0.5654728988374536,0.5833406347482425,0.5716289372201286,0.5768311369783788,0.5608973691766715,0.5711959914142104,0.5834909778193161,0.5684110196964877,0.578101944714295
5,2,0.21077918610683863,0.93744,5000,1.0968714533028778,0.934052757793765,834,1.0653141333272282,0.9403,0.7830488939430439,0.08322968431971808,,,1.0,,1.0,0.0,0.9689583432718106,0.39031913444936184,5,0.1,0.5,0.577494119206211,0.5798613926628945,1.0,0.5703236903694298,0.5819853137889929,0.5644189885133738,0.5661420854534859,0.5728607423017633,0.5776034676889303,0.5901305102304828,0.5731132977044694,0.5827927234246026
5,3,0.20763333423929228,0.93976,5000,1.050764055163772,0.9376498800959233,834,1.0644367251533289,0.9402,0.7736393459561249,0.08296699860247127,,,1.0,,1.0,0.0,0.9689583432718106,0.39031913444936184,5,0.1,0.5,0.5687996081532418,0.5654728988374536,0.5703236903694298,1.0,0.570981903422465,0.5664087964807474,0.5589663130726491,0.5681293838918111,0.5684540825661833,0.5702038843892723,0.5681648465320861,0.5721662285173211
5,4,0.19663496529505511,0.93976,5000,1.0653150501074615,0.943577430972389,833,1.0638566895033985,0.9401,0.788036228317862,0.08389735115717832,,,1.0,,1.0,0.0,0.9689583432718106,0.39031913444936184,5,0.1,0.5,0.5803769409588638,0.5833406347482425,0.5819853137889929,0.570981903422465,1.0,0.5837054304920574,0.5770047456464614,0.5818832758961432,0.5728900520677042,0.5955149183814642,0.5736598554603927,0.57846308853817
5,5,0.20628818030451324,0.93748,5000,1.0492172881408974,0.936374549819928,833,1.0640423246465933,0.9401,0.7785065540537469,0.0833084928539024,,,1.0,,1.0,0.0,0.9689583432718106,0.39031913444936184,5,0.1,0.5,0.5782366248261891,0.5716289372201286,0.5644189885133738,0.5664087964807474,0.5837054304920574,1.0,0.569622175539505,0.5659089755812221,0.5667745862137127,0.577164734730117,0.5699171807793418,0.5785408081112389
5,6,0.2120010335833297,0.93796,5000,1.055836103580616,0.9519807923169268,833,1.0645684919799099,0.9402,0.7745333076927896,0.08298151051225415,,,1.0,,1.0,0.0,0.9689583432718106,0.39031913444936184,5,0.1,0.5,0.5709452186258211,0.5768311369783788,0.5661420854534859,0.5589663130726491,0.5770047456464614,0.569622175539505,1.0,0.563688018708367,0.5693937366207539,0.5754743669547177,0.5594872309943272,0.5690591669662489
5,7,0.21268364390132913,0.9348,5000,1.0718922791657624,0.943577430972389,833,1.0647130555238207,0.9403,0.7766018855613154,0.08327287945051923,,,1.0,,1.0,0.0,0.9689583432718106,0.39031913444936184,5,0.1,0.5,0.5695969536844646,0.5608973691766715,0.5728607423017633,0.5681293838918111,0.5818832758961432,0.5659089755812221,0.563688018708367,1.0,0.5709179961075637,0.5749898962163967,0.5664599327286276,0.5788689810152673
5,8,0.21373227837370934,0.93688,5000,1.093955073091719,0.9495798319327731,833,1.063868481320695,0.9401,0.7794335265572025,0.08338720856431893,,,1.0,,1.0,0.0,0.9689583432718106,0.39031913444936184,5,0.1,0.5,0.5765652381234772,0.5711959914142104,0.5776034676889303,0.5684540825661833,0.5728900520677042,0.5667745862137127,0.5693937366207539,0.5709179961075637,1.0,0.577318941184994,0.5644849805089603,0.5851408532189819
5,9,0.20562999638117802,0.93896,5000,1.0687038545255307,0.9423769507803121,833,1.0652634587150793,0.9405,0.7882147989615231,0.08355968073190359,,,1.0,,1.0,0.0,0.9689583432718106,0.39031913444936184,5,0.1,0.5,0.5779313164407905,0.5834909778193161,0.5901305102304828,0.5702038843892723,0.5955149183814642,0.577164734730117,0.5754743669547177,0.5749898962163967,0.577318941184994,1.0,0.5757040306263892,0.5860368374087102
5,10,0.21155463554570156,0.93644,5000,1.042560014459822,0.9303721488595438,833,1.0638943320265213,0.9401,0.7763730257979321,0.08335455107675649,,,1.0,,1.0,0.0,0.9689583432718106,0.39031913444936184,5,0.1,0.5,0.573112630439361,0.5684110196964877,0.5731132977044694,0.5681648465320861,0.5736598554603927,0.5699171807793418,0.5594872309943272,0.5664599327286276,0.5644849805089603,0.5757040306263892,1.0,0.578923666385921
5,11,0.20671155372646394,0.93664,5000,1.076408792425085,0.9243697478991597,833,1.0640670142996425,0.94,0.7865875444963277,0.08372360851293881,,,1.0,,1.0,0.0,0.9689583432718106,0.39031913444936184,5,0.1,0.5,0.5789988009391369,0.578101944714295,0.5827927234246026,0.5721662285173211,0.57846308853817,0.5785408081112389,0.5690591669662489,0.5788689810152673,0.5851408532189819,0.5860368374087102,0.578923666385921,1.0
6,0,0.20632652802197085,0.93772,5000,0.8161927549927323,0.9628297362110312,834,0.8428715259884112,0.9473,0.7638425742973434,0.08309906033290045,,,1.0,,1.0,0.0,0.9659859324010922,0.3832213963284207,5,0.1,0.5,1.0,0.5447656653360843,0.5530393807187777,0.5425209723295447,0.5514151256010328,0.5579467454721656,0.541255281088952,0.5354638483666834,0.5544533377528112,0.5500539850591983,0.5469468095987119,0.5484920434593376
6,1,0.2027848099945647,0.93892,5000,0.8536185931276392,0.9412470023980816,834,0.8414841772268374,0.9473,0.7574101197349317,0.08292081841773384,,,1.0,,1.0,0.0,0.9659859324010922,0.3832213963284207,5,0.1,0.5,0.5447656653360843,1.0,0.5447721680677167,0.5311566771095422,0.5476682457981805,0.5540758005890424,0.5369335676914561,0.5310802043810123,0.5387146119457855,0.5446692792811267,0.542553701137862,0.5503572896768676
6,2,0.19092412756305116,0.9424,5000,0.8753619017424407,0.9436450839328537,834,0.8425463881736366,0.9475,0.7690613660088395,0.08335670064209617,,,1.0,,1.0,0.0,0.9659859324010922,0.3832213963284207,5,0.1,0.5,0.5530393807187777,0.5447721680677167,1.0,0.5401910177022309,0.5526280390746986,0.5515957587582866,0.5467513063443197,0.5469000574430654,0.5567254075203684,0.5639545929311568,0.5571699058405722,0.5599624785343055
6,3,0.1937685741230276,0.94284,5000,0.8308663037088182,0.9448441247002398,834,0.8417772224155097,0.9472,0.7601365285801547,0.08286318117247671,,,1.0,,1.0,0.0,0.9659859324010922,0.3832213963284207,5,0.1,0.5,0.5425209723295447,0.5311566771095422,0.5401910177022309,1.0,0.5429408471909821,0.552957899353417,0.5372250176636626,0.543318857794114,0.5546296198184291,0.5486767483146788,0.5486284485258598,0.5508705521019076
6,4,0.1833999430375162,0.94364,5000,0.8449158337381151,0.9459783913565426,833,0.8412433116199871,0.9472,0.7689640295952735,0.08380313981061406,,,1.0,,1.0,0.0,0.9659859324010922,0.3832213963284207,5,0.1,0.5,0.5514151256010328,0.5476682457981805,0.5526280390746986,0.5429408471909821,1.0,0.5567649678079016,0.5470749615560038,0.5497262333443249,0.557428610313783,0.559747074159396,0.5524665985278631,0.5514196993909396
6,5,0.1898986172856419,0.944,5000,0.8264123377976594,0.9459783913565426,833,0.8414187604626908,0.9473,0.7738876714749202,0.08358096646033913,,,1.0,,1.0,0.0,0.9659859324010922,0.3832213963284207,5,0.1,0.5,0.5579467454721656,0.5540758005890424,0.5515957587582866,0.552957899353417,0.5567649678079016,1.0,0.5604848621187534,0.5495534660493459,0.5562555193964355,0.5564173026276411,0.5566148957317788,0.5651005217235292
6,6,0.18635992423103304,0.94348,5000,0.8319726906440876,0.957983193277311,833,0.841882836704437,0.9472,0.7633335664151473,0.08298634107500098,,,1.0,,1.0,0.0,0.9659859324010922,0.3832213963284207,5,0.1,0.5,0.541255281088952,0.5369335676914561,0.5467513063443197,0.5372250176636626,0.5470749615560038,0.5604848621187534,1.0,0.5476321315670352,0.5601897801230699,0.5498036070577182,0.5419381100871163,0.5531279322027822
6,7,0.1946573454720579,0.94172,5000,0.8455296048411617,0.9495798319327731,833,0.8420168473697699,0.9471,0.760692698895563,0.08308901589885014,,,1.0,,1.0,0.0,0.9659859324010922,0.3832213963284207,5,0.1,0.5,0.5354638483666834,0.5310802043810123,0.5469000574430654,0.543318857794114,0.5497262333443249,0.5495534660493459,0.5476321315670352,1.0,0.5561749549835694,0.5441188260001095,0.5455962790106746,0.5470083392854087
6,8,0.20114808325436276,0.93964,5000,0.8749387727843391,0.9555822328931572,833,0.841255605601655,0.9472,0.7711683048389003,0.08353756611428748,,,1.0,,1.0,0.0,0.9659859324010922,0.3832213963284207,5,0.1,0.5,0.5544533377528112,0.5387146119457855,0.5567254075203684,0.5546296198184291,0.557428610313783,0.5562555193964355,0.5601897801230699,0.5561749549835694,1.0,0.5523414455177525,0.5486861839169614,0.5567689822840105
6,9,0.1921078460314756,0.94252,5000,0.8443378187991954,0.9459783913565426,833,0.8425251931047287,0.9473,0.769628631296098,0.08359917853618312,,,1.0,,1.0,0.0,0.9659859324010922,0.3832213963284207,5,0.1,0.5,0.5500539850591983,0.5446692792811267,0.5639545929311568,0.5486767483146788,0.559747074159396,0.5564173026276411,0.5498036070577182,0.5441188260001095,0.5523414455177525,1.0,0.553748762067011,0.5536758982224518
6,10,0.19575659375115753,0.94264,5000,0.8253519667519463,0.936374549819928,833,0.8412788936886163,0.9472,0.7671280314934664,0.0833722743126766,,,1.0,,1.0,0.0,0.9659859324010922,0.3832213963284207,5,0.1,0.5,0.5469468095987119,0.542553701137862,0.5571699058405722,0.5486284485258598,0.5524665985278631,0.5566148957317788,0.5419381100871163,0.5455962790106746,0.5486861839169614,0.553748762067011,1.0,0.5609231365887442
6,11,0.18527157186222068,0.94284,5000,0.8525229140564248,0.9351740696278511,833,0.8414379941007961,0.9472,0.7719441828707905,0.08379175722684153,,,1.0,,1.0,0.0,0.9659859324010922,0.3832213963284207,5,0.1,0.5,0.5484920434593376,0.5503572896768676,0.5599624785343055,0.5508705521019076,0.5514196993909396,0.5651005217235292,0.5531279322027822,0.5470083392854087,0.5567689822840105,0.5536758982224518,0.5609231365887442,1.0
7,0,0.1973590321020241,0.94004,5000,0.6229742644009767,0.9664268585131894,834,0.6499076636073688,0.9529,0.7426765294308136,0.08289391365308192,,,0.7706746240442401,,0.770689222428593,0.22931077757140705,0.9632230182106705,0.37482459597172924,5,0.1,0.5,1.0,0.5132726996902712,0.5219835696887749,0.5133947953947459,0.5209717118611588,0.5176951421727646,0.5196211945104349,0.5140400422332306,0.5193931661559062,0.5199600280379468,0.5104169369506144,0.51947801058569
7,1,0.19356016015402594,0.94204,5000,0.6613238056500753,0.947242206235012,834,0.6487022245082611,0.9527,0.7466829670539618,0.08291604579488297,,,0.7753813152394544,,0.7753978213945083,0.2246021786054917,0.9632994581392317,0.374854186523041,5,0.1,0.5,0.5132726996902712,1.0,0.5303622359587754,0.5119656555495652,0.5245052511068786,0.524838670438436,0.5186026356977717,0.5177142864298533,0.5192275496481085,0.5168997238282985,0.5201990836285931,0.5296692677138415
7,2,0.181873034384505,0.94424,5000,0.6815382661642851,0.9508393285371702,834,0.6491704554603503,0.9529,0.7541741003191692,0.08347923510972506,,,0.895150934159938,,0.8951709251543597,0.1048290748456403,0.9642857636190304,0.3752381526121802,5,0.1,0.5,0.5219835696887749,0.5303622359587754,1.0,0.5205925125886035,0.5283240445015039,0.5126583648118545,0.5187767640533891,0.5287589467242154,0.5354802745854994,0.5395755827096026,0.5225608622521498,0.5331850509575305
7,3,0.17906332615003653,0.94852,5000,0.6402115910141556,0.9508393285371702,834,0.6491457263882549,0.9527,0.7444355172502284,0.08279669594916801,,,0.75,,0.750002509914161,0.24999749008583905,0.9628235868810568,0.3746724721282519,5,0.1,0.5,0.5133947953947459,0.5119656555495652,0.5205925125886035,1.0,0.5208097059185254,0.5130050456305248,0.5137409402294094,0.5227284339578282,0.5253713695322975,0.5219249234628812,0.5176114157686407,0.5262504961638526
7,4,0.1694176951636839,0.9484,5000,0.6527712102289553,0.9483793517406963,833,0.6480271483953006,0.9529,0.7540025960893297,0.08377598317739958,,,0.9582583157172962,,0.9582701671602831,0.041729832839716874,0.9643746466184246,0.3752715105488415,5,0.1,0.5,0.5209717118611588,0.5245052511068786,0.5283240445015039,0.5208097059185254,1.0,0.525743733734605,0.5253747537441427,0.531604731654087,0.5242653945183143,0.5357716132194319,0.5224090920397594,0.5284387455125558
