round,client_id,client_i_training_loss,client_i_training_accuracy,client_i_training_dataset_size,client_i_evaluation_loss,client_i_evaluation_accuracy,client_i_evaluation_dataset_size,client_i_central_evaluation_loss,client_i_central_evaluation_accuracy,client_i_cosine_similarity,client_i_importance_coefficient,client_i_tanh_val,tanh_normalization_value,client_i_q,client_i_mask_order,client_i_v_nonzero_fraction,client_i_v_sparsity,client_i_v_cosine_similarity,client_i_reward_gradient_norm,local_epochs,learning_rate,gamma,client_0_cosine_similarity,client_1_cosine_similarity,client_2_cosine_similarity,client_3_cosine_similarity,client_4_cosine_similarity,client_5_cosine_similarity,client_6_cosine_similarity,client_7_cosine_similarity,client_8_cosine_similarity,client_9_cosine_similarity,client_10_cosine_similarity,client_11_cosine_similarity
0,0,2.106732706962877,0.3996,5000,2.2459324995676675,0.30335731414868106,834,2.246153873376572,0.3064,0.9969206028330548,0.08335566953772044,,,0.95,,0.95001498149061,0.04998501850938997,0,0.09966508794291262,5,0.001,0.1,1.0,0.9858802532656119,0.9951837222255012,0.9952315926387753,0.9914872887984302,0.9963105738313514,0.9916395873516866,0.9965173777757734,0.9895158057009517,0.9938083097309319,0.9917145613989978,0.9957234098263501
0,1,2.1132600008302433,0.43228,5000,2.2457545774954335,0.31774580335731417,834,2.246153873376572,0.3064,0.9935510971397913,0.08307393456075741,,,0.95,,0.95001498149061,0.04998501850938997,0,0.09966508794291262,5,0.001,0.1,0.9858802532656119,1.0,0.9855009514518107,0.9879808801882869,0.9911257649596593,0.9897610356630754,0.9925079340074009,0.9894427017340428,0.9933766690573257,0.9860871077508335,0.9912411389975947,0.989809290585573
0,2,2.1086585752523628,0.36972,5000,2.246689725805212,0.30815347721822545,834,2.246153873376572,0.3064,0.9961416962822929,0.08329054270930344,,,0.95,,0.95001498149061,0.04998501850938997,0,0.09966508794291262,5,0.001,0.1,0.9951837222255012,0.9855009514518107,1.0,0.9946312213690323,0.9913419180300324,0.993957024219051,0.9876782602691183,0.9944774864542952,0.991598377599306,0.9948274029178465,0.9921474366532156,0.9923530823231707
0,3,2.102875633604208,0.39332,5000,2.2462603162836143,0.2865707434052758,834,2.246153873376572,0.3064,0.9970221601400623,0.08336416106382392,,,0.95,,0.95001498149061,0.04998501850938997,0,0.09966508794291262,5,0.001,0.1,0.9952315926387753,0.9879808801882869,0.9946312213690323,1.0,0.9909773153567302,0.9956624605646729,0.9914311872331252,0.9963347316466712,0.9909699647692409,0.9938111686116089,0.9923349478308586,0.9948616211005084
0,4,2.1027609732500308,0.40008,5000,2.248656475985492,0.3085234093637455,833,2.246153873376572,0.3064,0.9970335517219923,0.08336511354984555,,,0.95,,0.95001498149061,0.04998501850938997,0,0.09966508794291262,5,0.001,0.1,0.9914872887984302,0.9911257649596593,0.9913419180300324,0.9909773153567302,1.0,0.9942778664405506,0.994390533017688,0.994085834285808,0.9962651033718823,0.9912675444879626,0.9960184816929798,0.9931256818781858
0,5,2.106814784912547,0.40268,5000,2.2474222536440247,0.304921968787515,833,2.246153873376572,0.3064,0.9981579697971731,0.08345912968436084,,,0.95,,0.95001498149061,0.04998501850938997,0,0.09966508794291262,5,0.001,0.1,0.9963105738313514,0.9897610356630754,0.993957024219051,0.9956624605646729,0.9942778664405506,1.0,0.9947449473860075,0.9960877973128799,0.9925632713659994,0.9945678347714252,0.9934113628206114,0.9964670207811793
0,6,2.101036683465265,0.41144,5000,2.2487772394109657,0.3241296518607443,833,2.246153873376572,0.3064,0.9964263451805936,0.08331434309965911,,,0.95,,0.95001498149061,0.04998501850938997,0,0.09966508794291262,5,0.001,0.1,0.9916395873516866,0.9925079340074009,0.9876782602691183,0.9914311872331252,0.994390533017688,0.9947449473860075,1.0,0.9936466400864337,0.9927755739204703,0.9915339437613843,0.9932767935554709,0.9934758383914982
0,7,2.1023131078975217,0.3862,5000,2.2490068011813693,0.29891956782713086,833,2.246153873376572,0.3064,0.9980328947184502,0.08344867176333905,,,0.95,,0.95001498149061,0.04998501850938997,0,0.09966508794291262,5,0.001,0.1,0.9965173777757734,0.9894427017340428,0.9944774864542952,0.9963347316466712,0.994085834285808,0.9960877973128799,0.9936466400864337,1.0,0.9929718139759562,0.9922824825850772,0.996031210508088,0.9944372406732628
0,8,2.1059035853975137,0.413,5000,2.2411171860165067,0.32653061224489793,833,2.246153873376572,0.3064,0.9964395059376189,0.08331544351197916,,,0.95,,0.95001498149061,0.04998501850938997,0,0.09966508794291262,5,0.001,0.1,0.9895158057009517,0.9933766690573257,0.991598377599306,0.9909699647692409,0.9962651033718823,0.9925632713659994,0.9927755739204703,0.9929718139759562,1.0,0.9905145663746621,0.9955646022276619,0.9911428909827198
0,9,2.1053978242691915,0.39108,5000,2.2514123916625977,0.3025210084033613,833,2.246153873376572,0.3064,0.9960193379274965,0.08328031194212039,,,0.95,,0.95001498149061,0.04998501850938997,0,0.09966508794291262,5,0.001,0.1,0.9938083097309319,0.9860871077508335,0.9948274029178465,0.9938111686116089,0.9912675444879626,0.9945678347714252,0.9915339437613843,0.9922824825850772,0.9905145663746621,1.0,0.9886624783518387,0.9948706574962201
0,10,2.0992453739141963,0.4088,5000,2.239343696170383,0.31452581032412963,833,2.246153873376572,0.3064,0.9968030693427486,0.08334584219264429,,,0.95,,0.95001498149061,0.04998501850938997,0,0.09966508794291262,5,0.001,0.1,0.9917145613989978,0.9912411389975947,0.9921474366532156,0.9923349478308586,0.9960184816929798,0.9934113628206114,0.9932767935554709,0.996031210508088,0.9955646022276619,0.9886624783518387,1.0,0.9912037856259454
0,11,2.1098620042679417,0.43596,5000,2.2451892782140663,0.2809123649459784,833,2.246153873376572,0.3064,0.9972933533825835,0.08338683638444647,,,0.95,,0.95001498149061,0.04998501850938997,0,0.09966508794291262,5,0.001,0.1,0.9957234098263501,0.989809290585573,0.9923530823231707,0.9948616211005084,0.9931256818781858,0.9964670207811793,0.9934758383914982,0.9944372406732628,0.9911428909827198,0.9948706574962201,0.9912037856259454,1.0
1,0,1.914228807133474,0.48112,5000,2.1754827764299183,0.4136690647482014,834,2.1767529054952504,0.4018,0.9989075716930853,0.08335439166727865,,,0.95,,0.95001498149061,0.04998501850938997,0.9785343779042983,0.099867700345099,5,0.001,0.1,1.0,0.9959148927201013,0.9979136529411331,0.9971742074122234,0.9978013496241128,0.9976918865786146,0.9977456315299115,0.9979460811068067,0.9969395124797037,0.9973323722938573,0.9973482179452284,0.9972513977318905
1,1,1.9245531940156486,0.51184,5000,2.1763609956811973,0.4088729016786571,834,2.1767529054952504,0.4018,0.9976081213646534,0.08313968788903164,,,0.95,,0.95001498149061,0.04998501850938997,0.9785343779042983,0.099867700345099,5,0.001,0.1,0.9959148927201013,1.0,0.9953944054061371,0.9957735201488975,0.996174734890057,0.9961086265115602,0.9965204594134421,0.9958554432479344,0.9960338613152883,0.9956231768208108,0.9959967772165708,0.996108802142199
1,2,1.9165700031693573,0.46332,5000,2.17828134254173,0.38609112709832133,834,2.1767529054952504,0.4018,0.9988788527268753,0.08331352791758488,,,0.95,,0.95001498149061,0.04998501850938997,0.9785343779042983,0.099867700345099,5,0.001,0.1,0.9979136529411331,0.9953944054061371,1.0,0.9977882386170455,0.9979640657110654,0.9972901378034635,0.9966132107745511,0.9976467323364452,0.9976962067525041,0.9976318675924788,0.99790457864422,0.9968729292881018
1,3,1.90814124702648,0.48352,5000,2.176443718097828,0.38848920863309355,834,2.1767529054952504,0.4018,0.9987126623863574,0.08335330820019549,,,0.95,,0.95001498149061,0.04998501850938997,0.9785343779042983,0.099867700345099,5,0.001,0.1,0.9971742074122234,0.9957735201488975,0.9977882386170455,1.0,0.997506192306791,0.9970208258945207,0.9963018959117571,0.9982000771668905,0.9976402817827758,0.9969047596268074,0.997793530689077,0.996619718860263
1,4,1.9091932169191397,0.4972,5000,2.1806467992288097,0.4117647058823529,833,2.1767529054952504,0.4018,0.9991153695523503,0.08336688947799516,,,0.95,,0.95001498149061,0.04998501850938997,0.9785343779042983,0.099867700345099,5,0.001,0.1,0.9978013496241128,0.996174734890057,0.9979640657110654,0.997506192306791,1.0,0.9976981274473898,0.9975764806133921,0.997243755117508,0.9977207622101055,0.998601035740704,0.99752422282504,0.9977407792689756
1,5,1.9146203054743967,0.49164,5000,2.1780991554260254,0.3985594237695078,833,2.1767529054952504,0.4018,0.998739868444822,0.0834124226062033,,,0.95,,0.95001498149061,0.04998501850938997,0.9785343779042983,0.099867700345099,5,0.001,0.1,0.9976918865786146,0.9961086265115602,0.9972901378034635,0.9970208258945207,0.9976981274473898,1.0,0.997229554503114,0.9970737989522508,0.9971134050151819,0.9975577829908655,0.9969839713079307,0.9972801238276631
1,6,1.907582370187067,0.5014,5000,2.1802437835269504,0.41536614645858344,833,2.1767529054952504,0.4018,0.998592339808255,0.08331887563497312,,,0.95,,0.95001498149061,0.04998501850938997,0.9785343779042983,0.099867700345099,5,0.001,0.1,0.9977456315299115,0.9965204594134421,0.9966132107745511,0.9963018959117571,0.9975764806133921,0.997229554503114,1.0,0.9968540555833765,0.9968888968302713,0.9979524386005869,0.9966888995229729,0.996915542213594
1,7,1.9081851292567649,0.47416,5000,2.1795297022219056,0.37695078031212487,833,2.1767529054952504,0.4018,0.9987725382612885,0.0834070640385975,,,0.95,,0.95001498149061,0.04998501850938997,0.9785343779042983,0.099867700345099,5,0.001,0.1,0.9979460811068067,0.9958554432479344,0.9976467323364452,0.9982000771668905,0.997243755117508,0.9970737989522508,0.9968540555833765,1.0,0.9975514254623554,0.99645381658952,0.9982660417955439,0.9963476766943292
1,8,1.9139954778039532,0.50152,5000,2.173032460389314,0.4189675870348139,833,2.1767529054952504,0.4018,0.9987876230707861,0.08332585310797026,,,0.95,,0.95001498149061,0.04998501850938997,0.9785343779042983,0.099867700345099,5,0.001,0.1,0.9969395124797037,0.9960338613152883,0.9976962067525041,0.9976402817827758,0.9977207622101055,0.9971134050151819,0.9968888968302713,0.9975514254623554,1.0,0.9973732211696896,0.9978956206512477,0.9967715958956894
1,9,1.913324822893568,0.48368,5000,2.1853501708419234,0.4021608643457383,833,2.1767529054952504,0.4018,0.9987930414289371,0.08330448471840465,,,0.95,,0.95001498149061,0.04998501850938997,0.9785343779042983,0.099867700345099,5,0.001,0.1,0.9973323722938573,0.9956231768208108,0.9976318675924788,0.9969047596268074,0.998601035740704,0.9975577829908655,0.9979524386005869,0.99645381658952,0.9973732211696896,1.0,0.9966799374036989,0.9975796965919298
1,10,1.9026309500833984,0.49024,5000,2.1706349938004106,0.4129651860744298,833,2.1767529054952504,0.4018,0.9987728854179904,0.08334401843477343,,,0.95,,0.95001498149061,0.04998501850938997,0.9785343779042983,0.099867700345099,5,0.001,0.1,0.9973482179452284,0.9959967772165708,0.99790457864422,0.997793530689077,0.99752422282504,0.9969839713079307,0.9966888995229729,0.9982660417955439,0.9978956206512477,0.9966799374036989,1.0,0.9963644868757561
1,11,1.919648031975813,0.5162,5000,2.1760082598085755,0.3877551020408163,833,2.1767529054952504,0.4018,0.9984729448642814,0.08335947630699192,,,0.95,,0.95001498149061,0.04998501850938997,0.9785343779042983,0.099867700345099,5,0.001,0.1,0.9972513977318905,0.996108802142199,0.9968729292881018,0.996619718860263,0.9977407792689756,0.9972801238276631,0.996915542213594,0.9963476766943292,0.9967715958956894,0.9975796965919298,0.9963644868757561,1.0
2,0,1.7210484336136254,0.533,5000,2.089048950760453,0.47961630695443647,834,2.09184648434575,0.4698,0.9989881814299918,0.08334803653207659,,,0.95,,0.95001498149061,0.04998501850938997,0.9922817055119972,0.09989271155900564,5,0.001,0.1,1.0,0.9966868775205807,0.9982154961416139,0.9975831428608153,0.998056199004035,0.9977890261698933,0.9977375635423492,0.9981791897965885,0.997606009962908,0.9977701417450439,0.9977689691072331,0.9976693371606741
2,1,1.731236471947591,0.55684,5000,2.0916350770879677,0.4712230215827338,834,2.09184648434575,0.4698,0.9981386297406529,0.08318897328256941,,,0.95,,0.95001498149061,0.04998501850938997,0.9922817055119972,0.09989271155900564,5,0.001,0.1,0.9966868775205807,1.0,0.9964305590803785,0.9968144547088851,0.9968755610067571,0.9967317327006052,0.9974438811657607,0.9967222070624631,0.996768547748027,0.9971607968146062,0.996560979947578,0.9966938018596246
2,2,1.7242620902456296,0.51828,5000,2.09451456423159,0.4724220623501199,834,2.09184648434575,0.4698,0.9990516928292559,0.08332503025769292,,,0.95,,0.95001498149061,0.04998501850938997,0.9922817055119972,0.09989271155900564,5,0.001,0.1,0.9982154961416139,0.9964305590803785,1.0,0.9978874216928459,0.9983493626819335,0.9979619473309305,0.9969987721508181,0.9979490902040938,0.9979821735135916,0.9980395174492058,0.9981970605532628,0.9978119025050322
2,3,1.7124158636779543,0.53492,5000,2.09098517453229,0.4520383693045564,834,2.09184648434575,0.4698,0.9989464699992296,0.08334602611096305,,,0.95,,0.95001498149061,0.04998501850938997,0.9922817055119972,0.09989271155900564,5,0.001,0.1,0.9975831428608153,0.9968144547088851,0.9978874216928459,1.0,0.9980402120404613,0.9976821665746497,0.9971257854111788,0.9982321873485441,0.9980597792902327,0.9977097994042277,0.9980178762566325,0.9974093986068726
2,4,1.7144290803344386,0.54668,5000,2.0968132548862033,0.4885954381752701,833,2.09184648434575,0.4698,0.9992476188850345,0.08336407205592454,,,0.95,,0.95001498149061,0.04998501850938997,0.9922817055119972,0.09989271155900564,5,0.001,0.1,0.998056199004035,0.9968755610067571,0.9983493626819335,0.9980402120404613,1.0,0.9982312569393502,0.9977892358522024,0.9979509717366793,0.9980981756068362,0.9985704971209671,0.9980514632508188,0.9981589365860823
2,5,1.720661684054478,0.54776,5000,2.093058383023297,0.47418967587034816,833,2.09184648434575,0.4698,0.9990269504188803,0.08338486971215425,,,0.95,,0.95001498149061,0.04998501850938997,0.9922817055119972,0.09989271155900564,5,0.001,0.1,0.9977890261698933,0.9967317327006052,0.9979619473309305,0.9976821665746497,0.9982312569393502,1.0,0.9976824491678195,0.9979180785480691,0.9978498854874275,0.9980171388469722,0.9977193027753365,0.997942359337721
2,6,1.711711765550504,0.55048,5000,2.096412022908529,0.48619447779111646,833,2.09184648434575,0.4698,0.9987778651755119,0.08331947244456324,,,0.95,,0.95001498149061,0.04998501850938997,0.9922817055119972,0.09989271155900564,5,0.001,0.1,0.9977375635423492,0.9974438811657607,0.9969987721508181,0.9971257854111788,0.9977892358522024,0.9976824491678195,1.0,0.9975094058521796,0.9974587650548306,0.9983226395109118,0.9971622425773136,0.9973138237306673
2,7,1.714279153088855,0.5292,5000,2.0947332205595792,0.4477791116446579,833,2.09184648434575,0.4698,0.9990396894125976,0.0833819951764309,,,0.95,,0.95001498149061,0.04998501850938997,0.9922817055119972,0.09989271155900564,5,0.001,0.1,0.9981791897965885,0.9967222070624631,0.9979490902040938,0.9982321873485441,0.9979509717366793,0.9979180785480691,0.9975094058521796,1.0,0.9980762395297113,0.9974318270212656,0.9983645723975755,0.9973441629966403
2,8,1.717762758321823,0.55504,5000,2.0897200725696705,0.468187274909964,833,2.09184648434575,0.4698,0.9990444844405367,0.08333235490419608,,,0.95,,0.95001498149061,0.04998501850938997,0.9922817055119972,0.09989271155900564,5,0.001,0.1,0.997606009962908,0.996768547748027,0.9979821735135916,0.9980597792902327,0.9980981756068362,0.9978498854874275,0.9974587650548306,0.9980762395297113,1.0,0.9979223132240875,0.9980939321974914,0.9978218177353861
2,9,1.718101200024793,0.53528,5000,2.104159328672621,0.453781512605042,833,2.09184648434575,0.4698,0.9991021709605529,0.0833211143606813,,,0.95,,0.95001498149061,0.04998501850938997,0.9922817055119972,0.09989271155900564,5,0.001,0.1,0.9977701417450439,0.9971607968146062,0.9980395174492058,0.9977097994042277,0.9985704971209671,0.9980171388469722,0.9983226395109118,0.9974318270212656,0.9979223132240875,1.0,0.9975032345042357,0.9979831293506501
2,10,1.7067690116584682,0.54004,5000,2.086696576189112,0.4885954381752701,833,2.09184648434575,0.4698,0.9989680744782112,0.08334102723712829,,,0.95,,0.95001498149061,0.04998501850938997,0.9922817055119972,0.09989271155900564,5,0.001,0.1,0.9977689691072331,0.996560979947578,0.9981970605532628,0.9980178762566325,0.9980514632508188,0.9977193027753365,0.9971622425773136,0.9983645723975755,0.9980939321974914,0.9975032345042357,1.0,0.9973810164690157
2,11,1.7273650170891148,0.56736,5000,2.0914168534455477,0.4549819927971189,833,2.09184648434575,0.4698,0.9988603193933457,0.0833470279256193,,,0.95,,0.95001498149061,0.04998501850938997,0.9922817055119972,0.09989271155900564,5,0.001,0.1,0.9976693371606741,0.9966938018596246,0.9978119025050322,0.9974093986068726,0.9981589365860823,0.997942359337721,0.9973138237306673,0.9973441629966403,0.9978218177353861,0.9979831293506501,0.9973810164690157,1.0
3,0,1.5548916988312058,0.57508,5000,1.985986038490578,0.5575539568345323,834,1.9905216172099494,0.5544,0.9989092657238601,0.08334267162665326,,,0.95,,0.95001498149061,0.04998501850938997,0.9964099542383386,0.09988939895631897,5,0.001,0.1,1.0,0.9964202004873511,0.9979859448092393,0.9973115960375513,0.9977515449184076,0.998003240328985,0.9978986703783121,0.9979921182404422,0.9974165223164979,0.9977566204346303,0.9975818612774557,0.9975971794986458
3,1,1.565037062365538,0.59172,5000,1.990905518885012,0.5563549160671463,834,1.9905216172099494,0.5544,0.998064556855398,0.08321787940179856,,,0.95,,0.95001498149061,0.04998501850938997,0.9964099542383386,0.09988939895631897,5,0.001,0.1,0.9964202004873511,1.0,0.9967083716123367,0.9969547778293605,0.9966939628997874,0.9966955881579761,0.9973224449106932,0.9963673284344648,0.9966408433478791,0.9972553093394666,0.9963574873451184,0.9961829092724613
3,2,1.5580196137640887,0.55916,5000,1.9947662000302915,0.5551558752997602,834,1.9905216172099494,0.5544,0.9991908004821901,0.08333765063386343,,,0.95,,0.95001498149061,0.04998501850938997,0.9964099542383386,0.09988939895631897,5,0.001,0.1,0.9979859448092393,0.9967083716123367,1.0,0.9980650527484389,0.9980728216914035,0.9984688680106978,0.9972867198434316,0.9980407229831297,0.9979529853760044,0.9982392159986584,0.9984003417805385,0.997869513031381
3,3,1.5445281243627997,0.57156,5000,1.9886968665652804,0.5431654676258992,834,1.9905216172099494,0.5544,0.9988795943304813,0.0833404813580901,,,0.95,,0.95001498149061,0.04998501850938997,0.9964099542383386,0.09988939895631897,5,0.001,0.1,0.9973115960375513,0.9969547778293605,0.9980650527484389,1.0,0.9979849321464628,0.9976294554507975,0.9972736706025035,0.9979540878429095,0.9975098089062232,0.9979145881128296,0.997677066331748,0.9970859595524224
3,4,1.545734844465924,0.59028,5000,1.9962020450168185,0.5774309723889556,833,1.9905216172099494,0.5544,0.9990762033587403,0.08335789142097341,,,0.95,,0.95001498149061,0.04998501850938997,0.9964099542383386,0.09988939895631897,5,0.001,0.1,0.9977515449184076,0.9966939628997874,0.9980728216914035,0.9979849321464628,1.0,0.9979164855427968,0.997835675448196,0.9977236101599487,0.9976192518726825,0.9985093465529173,0.9977875409818782,0.9978215781375646
3,5,1.5543645125285834,0.59052,5000,1.9915100600984361,0.5666266506602641,833,1.9905216172099494,0.5544,0.9990799925709873,0.08337076609001033,,,0.95,,0.95001498149061,0.04998501850938997,0.9964099542383386,0.09988939895631897,5,0.001,0.1,0.998003240328985,0.9966955881579761,0.9984688680106978,0.9976294554507975,0.9979164855427968,1.0,0.9975964227615802,0.997962673001175,0.9978513481746241,0.9980176412695886,0.9978620679290561,0.9977576669238751
3,6,1.5464116894515456,0.593,5000,1.996367061579669,0.5594237695078031,833,1.9905216172099494,0.5544,0.998832853986922,0.08332269119703622,,,0.95,,0.95001498149061,0.04998501850938997,0.9964099542383386,0.09988939895631897,5,0.001,0.1,0.9978986703783121,0.9973224449106932,0.9972867198434316,0.9972736706025035,0.997835675448196,0.9975964227615802,1.0,0.9975306949758523,0.9974418478120608,0.9982896314764828,0.99709843242783,0.9972282498507568
3,7,1.5475660106938356,0.57576,5000,1.9935475411238495,0.5354141656662665,833,1.9905216172099494,0.5544,0.9989961388363466,0.0833662974145447,,,0.95,,0.95001498149061,0.04998501850938997,0.9964099542383386,0.09988939895631897,5,0.001,0.1,0.9979921182404422,0.9963673284344648,0.9980407229831297,0.9979540878429095,0.9977236101599487,0.997962673001175,0.9975306949758523,1.0,0.998046081632448,0.9975236846516117,0.9981729861975213,0.9974417564843542
3,8,1.5475881099700928,0.59812,5000,1.9904895932586104,0.5282112845138055,833,1.9905216172099494,0.5544,0.9989327972160383,0.08333381561325723,,,0.95,,0.95001498149061,0.04998501850938997,0.9964099542383386,0.09988939895631897,5,0.001,0.1,0.9974165223164979,0.9966408433478791,0.9979529853760044,0.9975098089062232,0.9976192518726825,0.9978513481746241,0.9974418478120608,0.998046081632448,1.0,0.9978746298008934,0.9980220756812966,0.9976230138228664
3,9,1.550750793165462,0.57784,5000,2.007145122245506,0.5582232893157263,833,1.9905216172099494,0.5544,0.9991597236799166,0.0833342466400464,,,0.95,,0.95001498149061,0.04998501850938997,0.9964099542383386,0.09988939895631897,5,0.001,0.1,0.9977566204346303,0.9972553093394666,0.9982392159986584,0.9979145881128296,0.9985093465529173,0.9980176412695886,0.9982896314764828,0.9975236846516117,0.9978746298008934,1.0,0.9976928738301937,0.9976462868004653
3,10,1.5405084862830534,0.58344,5000,1.9868646109545673,0.5642256902761105,833,1.9905216172099494,0.5544,0.9989346669733099,0.08333919352031964,,,0.95,,0.95001498149061,0.04998501850938997,0.9964099542383386,0.09988939895631897,5,0.001,0.1,0.9975818612774557,0.9963574873451184,0.9984003417805385,0.997677066331748,0.9977875409818782,0.9978620679290561,0.99709843242783,0.9981729861975213,0.9980220756812966,0.9976928738301937,1.0,0.997367195705051
3,11,1.5606536703504574,0.60152,5000,1.990500843083417,0.5510204081632653,833,1.9905216172099494,0.5544,0.9987345590476245,0.08333641508340661,,,0.95,,0.95001498149061,0.04998501850938997,0.9964099542383386,0.09988939895631897,5,0.001,0.1,0.9975971794986458,0.9961829092724613,0.997869513031381,0.9970859595524224,0.9978215781375646,0.9977576669238751,0.9972282498507568,0.9974417564843542,0.9976230138228664,0.9976462868004653,0.997367195705051,1.0
4,0,1.419914233228963,0.61152,5000,1.867734953209206,0.617505995203837,834,1.8743835836172866,0.6047,0.9988940863032032,0.0833417731083578,,,0.95,,0.95001498149061,0.04998501850938997,0.99776453060519,0.09988049331307819,5,0.001,0.1,1.0,0.996649823959784,0.9979474174771091,0.9973661748892292,0.9976217427446189,0.9978374180264503,0.9978108523253659,0.9979574389614826,0.9970853962127959,0.9977828865441941,0.9971322464916472,0.9972726158279943
4,1,1.4295247412031624,0.61556,5000,1.8755408260557387,0.6079136690647482,834,1.8743835836172866,0.6047,0.9982285462918048,0.08324377337551227,,,0.95,,0.95001498149061,0.04998501850938997,0.99776453060519,0.09988049331307819,5,0.001,0.1,0.996649823959784,1.0,0.9970514396296548,0.9969896666825554,0.9968012358991774,0.9968582701911944,0.9971874254203188,0.9966414270874185,0.9967703551245342,0.9971142421302548,0.9959593662876995,0.9964701227376835
4,2,1.4228022575378418,0.5938,5000,1.8806703046516136,0.5983213429256595,834,1.8743835836172866,0.6047,0.9991166858152538,0.08334587824611081,,,0.95,,0.95001498149061,0.04998501850938997,0.99776453060519,0.09988049331307819,5,0.001,0.1,0.9979474174771091,0.9970514396296548,1.0,0.997919294294261,0.997904375364191,0.9979197683826423,0.9974637736724752,0.9977415452952735,0.9975462286977813,0.9984293221083032,0.9977599673004732,0.9974493900505557
4,3,1.409171792731923,0.60312,5000,1.8714483093332361,0.5995203836930456,834,1.8743835836172866,0.6047,0.9988178632899971,0.08333797012698949,,,0.95,,0.95001498149061,0.04998501850938997,0.99776453060519,0.09988049331307819,5,0.001,0.1,0.9973661748892292,0.9969896666825554,0.997919294294261,1.0,0.9977155022058377,0.9974959927085127,0.997058497026681,0.9978069044082484,0.9973323698073071,0.9978407506102548,0.9970456311456817,0.9969802873221312
4,4,1.408722443945089,0.6214,5000,1.880569612538373,0.6158463385354142,833,1.8743835836172866,0.6047,0.9989430858963929,0.08335268702887,,,0.95,,0.95001498149061,0.04998501850938997,0.99776453060519,0.09988049331307819,5,0.001,0.1,0.9976217427446189,0.9968012358991774,0.997904375364191,0.9977155022058377,1.0,0.9978976981003583,0.9977372747536303,0.99754989766832,0.9972988100720497,0.9982241662093122,0.997146948510556,0.9971535273096286
4,5,1.4179124932380238,0.62012,5000,1.8755217525694106,0.6182472989195679,833,1.8743835836172866,0.6047,0.9989134867705076,0.08335962634109839,,,0.95,,0.95001498149061,0.04998501850938997,0.99776453060519,0.09988049331307819,5,0.001,0.1,0.9978374180264503,0.9968582701911944,0.9979197683826423,0.9974959927085127,0.9978976981003583,1.0,0.9976627623469754,0.9975156845889,0.997287289395033,0.9980467800080759,0.9969437603245342,0.9972307534229463
4,6,1.4084299387445876,0.62192,5000,1.8815612881271928,0.5978391356542617,833,1.8743835836172866,0.6047,0.9988391372716033,0.08332774802860839,,,0.95,,0.95001498149061,0.04998501850938997,0.99776453060519,0.09988049331307819,5,0.001,0.1,0.9978108523253659,0.9971874254203188,0.9974637736724752,0.997058497026681,0.9977372747536303,0.9976627623469754,1.0,0.9976215243278532,0.9974457955258439,0.9980979859128171,0.9967304606777307,0.9969905891962872
4,7,1.4121958161615262,0.6072,5000,1.877879332613062,0.5834333733493398,833,1.8743835836172866,0.6047,0.9989258864361288,0.08335728638681665,,,0.95,,0.95001498149061,0.04998501850938997,0.99776453060519,0.09988049331307819,5,0.001,0.1,0.9979574389614826,0.9966414270874185,0.9977415452952735,0.9978069044082484,0.99754989766832,0.9975156845889,0.9976215243278532,1.0,0.9977494708274217,0.9975372092438155,0.9976268877744494,0.9970966650880424
4,8,1.4082585283905078,0.62404,5000,1.8766844979038946,0.5834333733493398,833,1.8743835836172866,0.6047,0.9987788472171605,0.08333262362464668,,,0.95,,0.95001498149061,0.04998501850938997,0.99776453060519,0.09988049331307819,5,0.001,0.1,0.9970853962127959,0.9967703551245342,0.9975462286977813,0.9973323698073071,0.9972988100720497,0.997287289395033,0.9974457955258439,0.9977494708274217,1.0,0.997732958908299,0.9974882747234115,0.9973466916213705
4,9,1.4130945154815722,0.61396,5000,1.8955898108305755,0.60984393757503,833,1.8743835836172866,0.6047,0.9991586003357048,0.08334514367024617,,,0.95,,0.95001498149061,0.04998501850938997,0.99776453060519,0.09988049331307819,5,0.001,0.1,0.9977828865441941,0.9971142421302548,0.9984293221083032,0.9978407506102548,0.9982241662093122,0.9980467800080759,0.9980979859128171,0.9975372092438155,0.997732958908299,1.0,0.9972831641466087,0.9975456479558383
4,10,1.4057740201615982,0.61128,5000,1.8723175878877993,0.631452581032413,833,1.8743835836172866,0.6047,0.9985344304668133,0.08332803323539364,,,0.95,,0.95001498149061,0.04998501850938997,0.99776453060519,0.09988049331307819,5,0.001,0.1,0.9971322464916472,0.9959593662876995,0.9977599673004732,0.9970456311456817,0.997146948510556,0.9969437603245342,0.9967304606777307,0.9976268877744494,0.9974882747234115,0.9972831641466087,1.0,0.9970363172455461
4,11,1.4245996334750182,0.63096,5000,1.8748774351897064,0.5930372148859544,833,1.8743835836172866,0.6047,0.9985693603498937,0.08332745682734961,,,0.95,,0.95001498149061,0.04998501850938997,0.99776453060519,0.09988049331307819,5,0.001,0.1,0.9972726158279943,0.9964701227376835,0.9974493900505557,0.9969802873221312,0.9971535273096286,0.9972307534229463,0.9969905891962872,0.9970966650880424,0.9973466916213705,0.9975456479558383,0.9970363172455461,1.0
5,0,1.3059984328640495,0.6318,5000,1.7381471925311618,0.6438848920863309,834,1.746886340954814,0.6336,0.9985554439925519,0.08333556322966852,,,0.95,,0.95001498149061,0.04998501850938997,0.9981124986485502,0.09986423211945979,5,0.001,0.1,1.0,0.9961213744133316,0.9975515560265018,0.9968396914389065,0.996882119976928,0.9972732660952124,0.9971533621135588,0.9973331891912112,0.9965821438734039,0.9971234940664347,0.9966113770737566,0.9969769710918573
5,1,1.3172216183061054,0.63172,5000,1.7489392580809417,0.6294964028776978,834,1.746886340954814,0.6336,0.9981050608111566,0.08326093129127829,,,0.95,,0.95001498149061,0.04998501850938997,0.9981124986485502,0.09986423211945979,5,0.001,0.1,0.9961213744133316,1.0,0.9967745022829261,0.9965364686024735,0.9965391419018276,0.9965595176277946,0.9965048707614862,0.9962341094455561,0.9966364628388251,0.9966465854449568,0.9961836768843872,0.9963198170682287
5,2,1.3104469685038185,0.6184,5000,1.7556159761216905,0.6187050359712231,834,1.746886340954814,0.6336,0.9989854369192717,0.08335195861020564,,,0.95,,0.95001498149061,0.04998501850938997,0.9981124986485502,0.09986423211945979,5,0.001,0.1,0.9975515560265018,0.9967745022829261,1.0,0.9975938476126218,0.9975954139887427,0.9978680980333349,0.9972157775180731,0.9971689269324449,0.9971542861609499,0.9980884551833378,0.9974574824970983,0.9971333018077487
5,3,1.2963866742553225,0.62332,5000,1.742580563933761,0.6366906474820144,834,1.746886340954814,0.6336,0.9987256014032667,0.08333872297409937,,,0.95,,0.95001498149061,0.04998501850938997,0.9981124986485502,0.09986423211945979,5,0.001,0.1,0.9968396914389065,0.9965364686024735,0.9975938476126218,1.0,0.9975525797163312,0.9974147735502225,0.9966785253733521,0.9975274750338275,0.9970173600619971,0.9973682979830314,0.9970706772616291,0.9968882619240025
5,4,1.2970970021691293,0.64608,5000,1.7534381681018405,0.6482593037214885,833,1.746886340954814,0.6336,0.9987652574748385,0.08334902763699531,,,0.95,,0.95001498149061,0.04998501850938997,0.9981124986485502,0.09986423211945979,5,0.001,0.1,0.996882119976928,0.9965391419018276,0.9975954139887427,0.9975525797163312,1.0,0.9974707335324913,0.9971052525682038,0.9969139842399679,0.9969483317061693,0.9978080771644354,0.9970869198499364,0.9970603365861871
5,5,1.3055926855202693,0.64088,5000,1.748629097585325,0.6494597839135654,833,1.746886340954814,0.6336,0.9988217779988438,0.08335510719135689,,,0.95,,0.95001498149061,0.04998501850938997,0.9981124986485502,0.09986423211945979,5,0.001,0.1,0.9972732660952124,0.9965595176277946,0.9978680980333349,0.9974147735502225,0.9974707335324913,1.0,0.9975175017099278,0.996968400143454,0.9969951376235403,0.997779094457268,0.9968939052209452,0.9968995228513354
5,6,1.296442152132654,0.64488,5000,1.755354263164379,0.6254501800720288,833,1.746886340954814,0.6336,0.9986566694262745,0.08333022975565513,,,0.95,,0.95001498149061,0.04998501850938997,0.9981124986485502,0.09986423211945979,5,0.001,0.1,0.9971533621135588,0.9965048707614862,0.9972157775180731,0.9966785253733521,0.9971052525682038,0.9975175017099278,1.0,0.997055737244609,0.9970031871406239,0.9980016306284293,0.9966539758017393,0.9967725549804467
5,7,1.299256754908592,0.63144,5000,1.7506164842181735,0.6134453781512605,833,1.746886340954814,0.6336,0.9985915272818976,0.08334624093872067,,,0.95,,0.95001498149061,0.04998501850938997,0.9981124986485502,0.09986423211945979,5,0.001,0.1,0.9973331891912112,0.9962341094455561,0.9971689269324449,0.9975274750338275,0.9969139842399679,0.996968400143454,0.997055737244609,1.0,0.997433864571746,0.996856951059581,0.9968350304310561,0.9965530457012375
5,8,1.2944341874426337,0.64588,5000,1.751825734421059,0.6326530612244898,833,1.746886340954814,0.6336,0.9985912026818293,0.08333110665309544,,,0.95,,0.95001498149061,0.04998501850938997,0.9981124986485502,0.09986423211945979,5,0.001,0.1,0.9965821438734039,0.9966364628388251,0.9971542861609499,0.9970173600619971,0.9969483317061693,0.9969951376235403,0.9970031871406239,0.997433864571746,1.0,0.9972397912835071,0.9969309060626154,0.9969366106273904
5,9,1.2995701852877428,0.64008,5000,1.7727071444193523,0.6278511404561825,833,1.746886340954814,0.6336,0.9989826489648098,0.08335141816916121,,,0.95,,0.95001498149061,0.04998501850938997,0.9981124986485502,0.09986423211945979,5,0.001,0.1,0.9971234940664347,0.9966465854449568,0.9980884551833378,0.9973682979830314,0.9978080771644354,0.997779094457268,0.9980016306284293,0.996856951059581,0.9972397912835071,1.0,0.997415624217404,0.9972402987799613
5,10,1.2914265022156344,0.63476,5000,1.7467492244861744,0.6578631452581032,833,1.746886340954814,0.6336,0.9985049268137159,0.08332550716287648,,,0.95,,0.95001498149061,0.04998501850938997,0.9981124986485502,0.09986423211945979,5,0.001,0.1,0.9966113770737566,0.9961836768843872,0.9974574824970983,0.9970706772616291,0.9970869198499364,0.9968939052209452,0.9966539758017393,0.9968350304310561,0.9969309060626154,0.997415624217404,1.0,0.9967043351804955
5,11,1.311103053457418,0.64528,5000,1.748273703787062,0.6194477791116446,833,1.746886340954814,0.6336,0.9984749559596067,0.08332418638688698,,,0.95,,0.95001498149061,0.04998501850938997,0.9981124986485502,0.09986423211945979,5,0.001,0.1,0.9969769710918573,0.9963198170682287,0.9971333018077487,0.9968882619240025,0.9970603365861871,0.9968995228513354,0.9967725549804467,0.9965530457012375,0.9969366106273904,0.9972402987799613,0.9967043351804955,1.0
6,0,1.2125615353037598,0.65136,5000,1.6019956844824332,0.6690647482014388,834,1.6128867693221607,0.6633,0.9983948422576063,0.08333390687132587,,,0.95,,0.95001498149061,0.04998501850938997,0.998467340673654,0.09984169192669894,5,0.001,0.1,1.0,0.9956001321947644,0.9972811558165844,0.9964564285789386,0.9963301376507563,0.9968644274622909,0.9967663680040388,0.9968674615846026,0.9959074012247707,0.9969665571807175,0.9961826582033769,0.9965787448813256
6,1,1.2253825081381828,0.64536,5000,1.615804394086202,0.6594724220623501,834,1.6128867693221607,0.6633,0.9977294154471886,0.08326665818985675,,,0.95,,0.95001498149061,0.04998501850938997,0.998467340673654,0.09984169192669894,5,0.001,0.1,0.9956001321947644,1.0,0.9962886161581226,0.9957114931001121,0.9955614853522047,0.9961036786328594,0.996190318353697,0.9953447633639768,0.9957880444770141,0.996579834770681,0.9953256988467613,0.9953395393054059
6,2,1.2175627326509755,0.63492,5000,1.6242375991962574,0.6378896882494005,834,1.6128867693221607,0.6633,0.9988631381087754,0.08335907737076909,,,0.95,,0.95001498149061,0.04998501850938997,0.998467340673654,0.09984169192669894,5,0.001,0.1,0.9972811558165844,0.9962886161581226,1.0,0.9970224164853898,0.9973601323071623,0.9975895014327639,0.9969624436274747,0.9966549721943367,0.9964613813757526,0.997956281137495,0.9970128715103213,0.9968219577522577
6,3,1.2022773917313594,0.64312,5000,1.6069389316770766,0.6762589928057554,834,1.6128867693221607,0.6633,0.998355618110058,0.08333457860478415,,,0.95,,0.95001498149061,0.04998501850938997,0.998467340673654,0.09984169192669894,5,0.001,0.1,0.9964564285789386,0.9957114931001121,0.9970224164853898,1.0,0.996878425305051,0.9968857754239161,0.9960644875124899,0.9969828787296571,0.9961587234381609,0.9969145040594132,0.9961553611471694,0.9961008635078793
6,4,1.2028791052520655,0.663,5000,1.6195523076587253,0.6770708283313326,833,1.6128867693221607,0.6633,0.9985152139344513,0.0833460496366248,,,0.95,,0.95001498149061,0.04998501850938997,0.998467340673654,0.09984169192669894,5,0.001,0.1,0.9963301376507563,0.9955614853522047,0.9973601323071623,0.996878425305051,1.0,0.9970668735393279,0.9968184220617542,0.9965705132636996,0.9961987829297388,0.9974022510870251,0.9965634760141812,0.9964924139735098
6,5,1.2109727924037132,0.65872,5000,1.6155319876141019,0.6842737094837935,833,1.6128867693221607,0.6633,0.9986488446458764,0.0833540914034019,,,0.95,,0.95001498149061,0.04998501850938997,0.998467340673654,0.09984169192669894,5,0.001,0.1,0.9968644274622909,0.9961036786328594,0.9975895014327639,0.9968857754239161,0.9970668735393279,1.0,0.9968738861276478,0.9965489784476094,0.9965183053644855,0.9973680420544642,0.9965337934955776,0.996490894876048
6,6,1.2023067983092777,0.66416,5000,1.6225393657331113,0.6554621848739496,833,1.6128867693221607,0.6633,0.9985189382602424,0.08333464151423345,,,0.95,,0.95001498149061,0.04998501850938997,0.998467340673654,0.09984169192669894,5,0.001,0.1,0.9967663680040388,0.996190318353697,0.9969624436274747,0.9960644875124899,0.9968184220617542,0.9968738861276478,1.0,0.9967064554109374,0.9967298961721242,0.9975497417562438,0.9962241823874829,0.9964026966643538
6,7,1.2054421189484323,0.65176,5000,1.6165921688079834,0.6482593037214885,833,1.6128867693221607,0.6633,0.9983988596860778,0.08334058495396027,,,0.95,,0.95001498149061,0.04998501850938997,0.998467340673654,0.09984169192669894,5,0.001,0.1,0.9968674615846026,0.9953447633639768,0.9966549721943367,0.9969828787296571,0.9965705132636996,0.9965489784476094,0.9967064554109374,1.0,0.9967278901193438,0.9967542474908728,0.9964662167925835,0.9962248015670422
6,8,1.1985032862159097,0.6638,5000,1.6209350559446547,0.6578631452581032,833,1.6128867693221607,0.6633,0.9982649784786101,0.08332698203018767,,,0.95,,0.95001498149061,0.04998501850938997,0.998467340673654,0.09984169192669894,5,0.001,0.1,0.9959074012247707,0.9957880444770141,0.9964613813757526,0.9961587234381609,0.9961987829297388,0.9965183053644855,0.9967298961721242,0.9967278901193438,1.0,0.9969576285467724,0.9966422316449559,0.9961560035498398
6,9,1.204475290076748,0.65992,5000,1.6434408293830023,0.6530612244897959,833,1.6128867693221607,0.6633,0.9989204573699014,0.0833605960703176,,,0.95,,0.95001498149061,0.04998501850938997,0.998467340673654,0.09984169192669894,5,0.001,0.1,0.9969665571807175,0.996579834770681,0.997956281137495,0.9969145040594132,0.9974022510870251,0.9973680420544642,0.9975497417562438,0.9967542474908728,0.9969576285467724,1.0,0.9968897169061427,0.9967600021929054
6,10,1.2001028031300587,0.653,5000,1.6150306772302698,0.680672268907563,833,1.6128867693221607,0.6633,0.9982377240902688,0.08332266827146903,,,0.95,,0.95001498149061,0.04998501850938997,0.998467340673654,0.09984169192669894,5,0.001,0.1,0.9961826582033769,0.9953256988467613,0.9970128715103213,0.9961553611471694,0.9965634760141812,0.9965337934955776,0.9962241823874829,0.9964662167925835,0.9966422316449559,0.9968897169061427,1.0,0.9959231779999071
6,11,1.217716802419371,0.65904,5000,1.6154746920974166,0.6602641056422569,833,1.6128867693221607,0.6633,0.9981852674709127,0.0833201650830695,,,0.95,,0.95001498149061,0.04998501850938997,0.998467340673654,0.09984169192669894,5,0.001,0.1,0.9965787448813256,0.9953395393054059,0.9968219577522577,0.9961008635078793,0.9964924139735098,0.996490894876048,0.9964026966643538,0.9962248015670422,0.9961560035498398,0.9967600021929054,0.9959231779999071,1.0
7,0,1.1332548304727883,0.66532,5000,1.465198313748395,0.6810551558752997,834,1.478265033743252,0.6786,0.9980498950153093,0.08333434885665562,,,0.95,,0.95001498149061,0.04998501850938997,0.9984665753768559,0.09980278215099152,5,0.001,0.1,1.0,0.9947598154398504,0.9966923227241247,0.995390903059542,0.9954957724889543,0.9957989571070602,0.9960992617478757,0.9962350169584774,0.9951430499368055,0.9961277692874463,0.995535633158617,0.9957179374055878
7,1,1.1464508979183854,0.6576,5000,1.4820152962649311,0.6738609112709832,834,1.478265033743252,0.6786,0.9974852942761835,0.08327487362581408,,,0.95,,0.95001498149061,0.04998501850938997,0.9984665753768559,0.09980278215099152,5,0.001,0.1,0.9947598154398504,1.0,0.9956614673373492,0.9947155335401685,0.9949686914463728,0.9951447738905362,0.9956451552152448,0.9947413376303829,0.995316605324861,0.9958867227497977,0.9946799966458819,0.9947192453671315
7,2,1.137472891959415,0.65628,5000,1.4921214315626357,0.6486810551558753,834,1.478265033743252,0.6786,0.9985460111525336,0.08336580367825647,,,0.95,,0.95001498149061,0.04998501850938997,0.9984665753768559,0.09980278215099152,5,0.001,0.1,0.9966923227241247,0.9956614673373492,1.0,0.9964078772214036,0.9964360169649658,0.9966050866951575,0.9963338892821861,0.9959469842823443,0.9953371567611893,0.9972843063436674,0.9963273552107059,0.9959047900487993
