round,client_id,client_i_training_loss,client_i_training_accuracy,client_i_training_dataset_size,client_i_evaluation_loss,client_i_evaluation_accuracy,client_i_evaluation_dataset_size,client_i_central_evaluation_loss,client_i_central_evaluation_accuracy,client_i_cosine_similarity,client_i_importance_coefficient,client_i_tanh_val,tanh_normalization_value,client_i_q,client_i_mask_order,client_i_v_nonzero_fraction,client_i_v_sparsity,client_i_v_cosine_similarity,client_i_reward_gradient_norm,local_epochs,learning_rate,gamma,client_0_cosine_similarity,client_1_cosine_similarity,client_2_cosine_similarity,client_3_cosine_similarity,client_4_cosine_similarity,client_5_cosine_similarity,client_6_cosine_similarity,client_7_cosine_similarity,client_8_cosine_similarity,client_9_cosine_similarity,client_10_cosine_similarity,client_11_cosine_similarity
0,0,2.190836298997235,0.28748,5000,2.2588421768612332,0.16786570743405277,834,2.259041657463049,0.1573,0.9955300264774471,0.08332054786573444,,,0.97,,0.9700176878243976,0.029982312175602432,0,0.09956814234447801,5,0.001,0.1,1.0,0.9918891723695121,0.9914033157454369,0.993443741628285,0.9913692295874857,0.991058765661426,0.987606630039947,0.9874079589945219,0.9921422148544876,0.9851958644404283,0.9923601393411412,0.9909083352710982
0,1,2.1842261293131835,0.28856,5000,2.2618507897412337,0.1486810551558753,834,2.259041657463049,0.1573,0.9970000258173943,0.08344357896184317,,,0.97,,0.9700176878243976,0.029982312175602432,0,0.09956814234447801,5,0.001,0.1,0.9918891723695121,1.0,0.9917861641134131,0.9939421555510548,0.988725252642431,0.994019061074973,0.987103457716056,0.9933038200040214,0.9940741187727118,0.9917680157699199,0.9921513936701695,0.9935865929430314
0,2,2.1983562124762566,0.33924,5000,2.259485642115275,0.13309352517985612,834,2.259041657463049,0.1573,0.9959103159301295,0.0833523760624762,,,0.97,,0.9700176878243976,0.029982312175602432,0,0.09956814234447801,5,0.001,0.1,0.9914033157454369,0.9917861641134131,1.0,0.9896886804060689,0.9922176874436226,0.9923904993171125,0.9895598169582567,0.9898309041413728,0.9933686467493892,0.9910989123568609,0.9887337864076693,0.9892507265334587
0,3,2.191416125540521,0.27976,5000,2.262311988406711,0.15587529976019185,834,2.259041657463049,0.1573,0.9960496522126411,0.08336403776537582,,,0.97,,0.9700176878243976,0.029982312175602432,0,0.09956814234447801,5,0.001,0.1,0.993443741628285,0.9939421555510548,0.9896886804060689,1.0,0.9896955848324964,0.9934269862056252,0.9872137871568125,0.9914987474020045,0.992909583362429,0.9888509244540364,0.9899796534965719,0.9903441128156878
0,4,2.195318561146973,0.30668,5000,2.2521190025188305,0.16806722689075632,833,2.259041657463049,0.1573,0.9948037017817747,0.08325975836671151,,,0.97,,0.9700176878243976,0.029982312175602432,0,0.09956814234447801,5,0.001,0.1,0.9913692295874857,0.988725252642431,0.9922176874436226,0.9896955848324964,1.0,0.9888559499502624,0.9910106444164296,0.9870320035273247,0.9930261631717944,0.9860558947818312,0.9887446000923029,0.9893740897051068
0,5,2.1934391932882322,0.32576,5000,2.262433988076669,0.1404561824729892,833,2.259041657463049,0.1573,0.9968319869024118,0.08342951500185528,,,0.97,,0.9700176878243976,0.029982312175602432,0,0.09956814234447801,5,0.001,0.1,0.991058765661426,0.994019061074973,0.9923904993171125,0.9934269862056252,0.9888559499502624,1.0,0.9871236597323847,0.9921191610224828,0.9957047330957609,0.9941090328322693,0.9910244262816927,0.9905091678700146
0,6,2.199304638394884,0.31028,5000,2.257103301860668,0.15726290516206481,833,2.259041657463049,0.1573,0.9936145691529492,0.08316023431471546,,,0.97,,0.9700176878243976,0.029982312175602432,0,0.09956814234447801,5,0.001,0.1,0.987606630039947,0.987103457716056,0.9895598169582567,0.9872137871568125,0.9910106444164296,0.9871236597323847,1.0,0.9869914071864367,0.9893011944503379,0.9903195172992325,0.9876555606275711,0.9880134377200891
0,7,2.193274422815651,0.3542,5000,2.2634279639632613,0.15726290516206481,833,2.259041657463049,0.1573,0.9950939406426721,0.08328404980972048,,,0.97,,0.9700176878243976,0.029982312175602432,0,0.09956814234447801,5,0.001,0.1,0.9874079589945219,0.9933038200040214,0.9898309041413728,0.9914987474020045,0.9870320035273247,0.9921191610224828,0.9869914071864367,1.0,0.9919835798599562,0.9912233856405774,0.9857643394588548,0.9924196232645136
0,8,2.192904969385475,0.30628,5000,2.257731455343741,0.16566626650660263,833,2.259041657463049,0.1573,0.9976802106386392,0.08350050679972727,,,0.97,,0.9700176878243976,0.029982312175602432,0,0.09956814234447801,5,0.001,0.1,0.9921422148544876,0.9940741187727118,0.9933686467493892,0.992909583362429,0.9930261631717944,0.9957047330957609,0.9893011944503379,0.9919835798599562,1.0,0.9925397708029149,0.9921968386520588,0.9932293407114309
0,9,2.1941533340769968,0.35104,5000,2.256326110274703,0.17767106842737096,833,2.259041657463049,0.1573,0.994928030692336,0.08327016403270651,,,0.97,,0.9700176878243976,0.029982312175602432,0,0.09956814234447801,5,0.001,0.1,0.9851958644404283,0.9917680157699199,0.9910989123568609,0.9888509244540364,0.9860558947818312,0.9941090328322693,0.9903195172992325,0.9912233856405774,0.9925397708029149,1.0,0.987065732841005,0.9893655547004914
0,10,2.193483622970095,0.2896,5000,2.2602700039192483,0.15486194477791115,833,2.259041657463049,0.1573,0.994901607628511,0.08326795256334282,,,0.97,,0.9700176878243976,0.029982312175602432,0,0.09956814234447801,5,0.001,0.1,0.9923601393411412,0.9921513936701695,0.9887337864076693,0.9899796534965719,0.9887446000923029,0.9910244262816927,0.9876555606275711,0.9857643394588548,0.9921968386520588,0.987065732841005,1.0,0.9916004273999164
0,11,2.1925092990231363,0.29432,5000,2.2645477895383483,0.1608643457382953,833,2.259041657463049,0.1573,0.9958494087391914,0.08334727845579136,,,0.97,,0.9700176878243976,0.029982312175602432,0,0.09956814234447801,5,0.001,0.1,0.9909083352710982,0.9935865929430314,0.9892507265334587,0.9903441128156878,0.9893740897051068,0.9905091678700146,0.9880134377200891,0.9924196232645136,0.9932293407114309,0.9893655547004914,0.9916004273999164,1.0
1,0,2.0069267991242135,0.38452,5000,2.2009724422737404,0.34292565947242204,834,2.2022601552664662,0.339,0.9984895346689705,0.08332301605382988,,,0.97,,0.9700176878243976,0.029982312175602432,0.953761474270648,0.09985663476435315,5,0.001,0.1,1.0,0.9966451084587786,0.9965344472197845,0.9974951366728765,0.9965746707608995,0.9972155473751939,0.9963820556829627,0.9957269722698139,0.9967985983698163,0.9962394595147694,0.9972830330328428,0.9978012746820304
1,1,1.9931842056808957,0.4192,5000,2.2056636103877314,0.3333333333333333,834,2.2022601552664662,0.339,0.9987172619312088,0.08340581420259223,,,0.97,,0.9700176878243976,0.029982312175602432,0.953761474270648,0.09985663476435315,5,0.001,0.1,0.9966451084587786,1.0,0.9967360051651432,0.9970450831926615,0.996142039707684,0.9973671015881733,0.9959734014961169,0.9975005732305878,0.9975531422368086,0.9978206046994851,0.9970673023731812,0.9975691165858375
1,2,2.01831509338063,0.44268,5000,2.2010236227953874,0.3441247002398082,834,2.2022601552664662,0.339,0.9985937182620875,0.08334589711817574,,,0.97,,0.9700176878243976,0.029982312175602432,0.953761474270648,0.09985663476435315,5,0.001,0.1,0.9965344472197845,0.9967360051651432,1.0,0.9963499041480901,0.9974104215961116,0.997057561566882,0.997209174483423,0.9967741306232902,0.9972728778537993,0.997854483376885,0.9956877018119663,0.9970593875482073
1,3,2.0105919708871536,0.4002,5000,2.2060450183020697,0.3369304556354916,834,2.2022601552664662,0.339,0.9984980584350276,0.08334996106809082,,,0.97,,0.9700176878243976,0.029982312175602432,0.953761474270648,0.09985663476435315,5,0.001,0.1,0.9974951366728765,0.9970450831926615,0.9963499041480901,1.0,0.9959571281181064,0.9975467723475513,0.9957931559201958,0.99684918121859,0.9974698784885283,0.9966688387587238,0.9966491091169257,0.9969695942099988
1,4,2.012864608217956,0.42832,5000,2.1928524706098766,0.32533013205282113,833,2.2022601552664662,0.339,0.9983525122981498,0.08328131475338953,,,0.97,,0.9700176878243976,0.029982312175602432,0.953761474270648,0.09985663476435315,5,0.001,0.1,0.9965746707608995,0.996142039707684,0.9974104215961116,0.9959571281181064,1.0,0.9965698955115653,0.9978075144113392,0.9961917000464084,0.9972149430177137,0.9968303527000766,0.995868987453164,0.9964929725636792
1,5,2.0096332384522553,0.43872,5000,2.2054818824485496,0.3085234093637455,833,2.2022601552664662,0.339,0.9988764748841976,0.08340232832321985,,,0.97,,0.9700176878243976,0.029982312175602432,0.953761474270648,0.09985663476435315,5,0.001,0.1,0.9972155473751939,0.9973671015881733,0.997057561566882,0.9975467723475513,0.9965698955115653,1.0,0.9964821295990325,0.9975932278874016,0.9978236699385417,0.9979560503614072,0.996466825596528,0.9972494184397198
1,6,2.018001806811922,0.42868,5000,2.1993620307357222,0.3469387755102041,833,2.2022601552664662,0.339,0.9981707113020415,0.08321441446344391,,,0.97,,0.9700176878243976,0.029982312175602432,0.953761474270648,0.09985663476435315,5,0.001,0.1,0.9963820556829627,0.9959734014961169,0.997209174483423,0.9957931559201958,0.9978075144113392,0.9964821295990325,1.0,0.9960590275906253,0.9964117528565675,0.9968234409650192,0.9955557003616603,0.9963891072947894
1,7,2.011321765298297,0.46516,5000,2.207265032662286,0.33613445378151263,833,2.2022601552664662,0.339,0.9983913695766877,0.08329746548130278,,,0.97,,0.9700176878243976,0.029982312175602432,0.953761474270648,0.09985663476435315,5,0.001,0.1,0.9957269722698139,0.9975005732305878,0.9967741306232902,0.99684918121859,0.9961917000464084,0.9975932278874016,0.9960590275906253,1.0,0.997287989226802,0.9978713840094803,0.9947680738622321,0.9968956633590719
1,8,2.007383436609985,0.42356,5000,2.202808450769495,0.35294117647058826,833,2.2022601552664662,0.339,0.9989203887740175,0.08344728095061094,,,0.97,,0.9700176878243976,0.029982312175602432,0.953761474270648,0.09985663476435315,5,0.001,0.1,0.9967985983698163,0.9975531422368086,0.9972728778537993,0.9974698784885283,0.9972149430177137,0.9978236699385417,0.9964117528565675,0.997287989226802,1.0,0.9980643629132657,0.9964397800046177,0.9975154905431556
1,9,2.0089054631579453,0.4534,5000,2.1978605411670826,0.3517406962785114,833,2.2022601552664662,0.339,0.9989135028509659,0.08330580247959869,,,0.97,,0.9700176878243976,0.029982312175602432,0.953761474270648,0.09985663476435315,5,0.001,0.1,0.9962394595147694,0.9978206046994851,0.997854483376885,0.9966688387587238,0.9968303527000766,0.9979560503614072,0.9968234409650192,0.9978713840094803,0.9980643629132657,1.0,0.9961577089175914,0.9974888510340285
1,10,2.0116417448991424,0.39552,5000,2.202099358593976,0.36614645858343337,833,2.2022601552664662,0.339,0.998039917499836,0.08327625048913682,,,0.97,,0.9700176878243976,0.029982312175602432,0.953761474270648,0.09985663476435315,5,0.001,0.1,0.9972830330328428,0.9970673023731812,0.9956877018119663,0.9966491091169257,0.995868987453164,0.996466825596528,0.9955557003616603,0.9947680738622321,0.9964397800046177,0.9961577089175914,1.0,0.9973647606790725
1,11,2.012617077645223,0.40708,5000,2.209131355638857,0.32292917166866747,833,2.2022601552664662,0.339,0.9988317768298038,0.08335045461660892,,,0.97,,0.9700176878243976,0.029982312175602432,0.953761474270648,0.09985663476435315,5,0.001,0.1,0.9978012746820304,0.9975691165858375,0.9970593875482073,0.9969695942099988,0.9964929725636792,0.9972494184397198,0.9963891072947894,0.9968956633590719,0.9975154905431556,0.9974888510340285,0.9973647606790725,1.0
2,0,1.7978262009894013,0.47868,5000,2.125342536855627,0.47961630695443647,834,2.127714682691775,0.4673,0.99888765732452,0.08332538994527375,,,0.97,,0.9700176878243976,0.029982312175602432,0.9903303729063543,0.09989376898905798,5,0.001,0.1,1.0,0.997369206507835,0.9976026220398029,0.9981644902342228,0.9972439708728136,0.9976764617345085,0.9975721846643276,0.9973275770802804,0.9976381762406559,0.9973673847928272,0.9978916812578923,0.9980662348621153
2,1,1.7785127120412838,0.51292,5000,2.1319041693652117,0.4520383693045564,834,2.127714682691775,0.4673,0.9988911172875493,0.08337626973044214,,,0.97,,0.9700176878243976,0.029982312175602432,0.9903303729063543,0.09989376898905798,5,0.001,0.1,0.997369206507835,1.0,0.9975404337108806,0.9976918415987286,0.9973462666086822,0.9976078525557722,0.997144722030545,0.9978506659628813,0.998126068422764,0.9979871681758484,0.9977241907411479,0.9975697998494139
2,2,1.8061500502240126,0.52208,5000,2.124259975221422,0.48081534772182255,834,2.127714682691775,0.4673,0.9990207321085187,0.08334371409299857,,,0.97,,0.9700176878243976,0.029982312175602432,0.9903303729063543,0.09989376898905798,5,0.001,0.1,0.9976026220398029,0.9975404337108806,1.0,0.997707687880225,0.9979840763519585,0.9978792243228707,0.9979036533259618,0.9977315531084562,0.9979042326619497,0.9982251587948525,0.9972624855040593,0.9977738377652806
2,3,1.8023396915690915,0.48788,5000,2.1319206908897117,0.4676258992805755,834,2.127714682691775,0.4673,0.9989383398412898,0.08334354701724014,,,0.97,,0.9700176878243976,0.029982312175602432,0.9903303729063543,0.09989376898905798,5,0.001,0.1,0.9981644902342228,0.9976918415987286,0.997707687880225,1.0,0.9972791671693045,0.9979225612867408,0.9973722583509169,0.9977613177254241,0.9979208548477968,0.9974781752515399,0.9975700578574951,0.9976574657482632
2,4,1.8005046833852294,0.53036,5000,2.115226220201563,0.4717887154861945,833,2.127714682691775,0.4673,0.9987873820830544,0.08329658455416813,,,0.97,,0.9700176878243976,0.029982312175602432,0.9903303729063543,0.09989376898905798,5,0.001,0.1,0.9972439708728136,0.9973462666086822,0.9979840763519585,0.9972791671693045,1.0,0.9972698495715111,0.9979180496786548,0.9975549700755824,0.9979941142372124,0.9978287005380393,0.9969512617973134,0.9973491536259608
2,5,1.7951408544163796,0.51456,5000,2.130603520958512,0.4189675870348139,833,2.127714682691775,0.4673,0.9989573608718865,0.08337627011370496,,,0.97,,0.9700176878243976,0.029982312175602432,0.9903303729063543,0.09989376898905798,5,0.001,0.1,0.9976764617345085,0.9976078525557722,0.9978792243228707,0.9979225612867408,0.9972698495715111,1.0,0.9976844357039427,0.9981163812340541,0.9979779134168993,0.9981647878513156,0.9968891778421038,0.9975642180838926
2,6,1.8052485388555344,0.516,5000,2.1239917631502503,0.4729891956782713,833,2.127714682691775,0.4673,0.998853828539086,0.08325770859951985,,,0.97,,0.9700176878243976,0.029982312175602432,0.9903303729063543,0.09989376898905798,5,0.001,0.1,0.9975721846643276,0.997144722030545,0.9979036533259618,0.9973722583509169,0.9979180496786548,0.9976844357039427,1.0,0.9978465304900648,0.9975753598855575,0.9980213696867388,0.996919471817324,0.9975602895832876
2,7,1.7998364257205064,0.53812,5000,2.133675380989357,0.46338535414165666,833,2.127714682691775,0.4673,0.9989547082650039,0.08331188729843256,,,0.97,,0.9700176878243976,0.029982312175602432,0.9903303729063543,0.09989376898905798,5,0.001,0.1,0.9973275770802804,0.9978506659628813,0.9977315531084562,0.9977613177254241,0.9975549700755824,0.9981163812340541,0.9978465304900648,1.0,0.9979847917114472,0.9983918412683671,0.9964182923813282,0.9977394316527456
2,8,1.7940023703180301,0.51156,5000,2.1309146881103516,0.4729891956782713,833,2.127714682691775,0.4673,0.9991870865207001,0.08341124661064317,,,0.97,,0.9700176878243976,0.029982312175602432,0.9903303729063543,0.09989376898905798,5,0.001,0.1,0.9976381762406559,0.998126068422764,0.9979042326619497,0.9979208548477968,0.9979941142372124,0.9979779134168993,0.9975753598855575,0.9979847917114472,1.0,0.9984280081328968,0.9976047947021748,0.9983514344304437
2,9,1.7937355992141044,0.53048,5000,2.121319859116166,0.4717887154861945,833,2.127714682691775,0.4673,0.9991742822338985,0.08332408511839358,,,0.97,,0.9700176878243976,0.029982312175602432,0.9903303729063543,0.09989376898905798,5,0.001,0.1,0.9973673847928272,0.9979871681758484,0.9982251587948525,0.9974781752515399,0.9978287005380393,0.9981647878513156,0.9980213696867388,0.9983918412683671,0.9984280081328968,1.0,0.9971826343731779,0.9982801066085861
2,10,1.8041225137224624,0.48756,5000,2.125809828440348,0.5006002400960384,833,2.127714682691775,0.4673,0.9985710044253263,0.08328649657780667,,,0.97,,0.9700176878243976,0.029982312175602432,0.9903303729063543,0.09989376898905798,5,0.001,0.1,0.9978916812578923,0.9977241907411479,0.9972624855040593,0.9975700578574951,0.9969512617973134,0.9968891778421038,0.996919471817324,0.9964182923813282,0.9976047947021748,0.9971826343731779,1.0,0.9977103916742299
2,11,1.802955323723471,0.497,5000,2.136083161389386,0.4549819927971189,833,2.127714682691775,0.4673,0.9990297739984416,0.08334680034137655,,,0.97,,0.9700176878243976,0.029982312175602432,0.9903303729063543,0.09989376898905798,5,0.001,0.1,0.9980662348621153,0.9975697998494139,0.9977738377652806,0.9976574657482632,0.9973491536259608,0.9975642180838926,0.9975602895832876,0.9977394316527456,0.9983514344304437,0.9982801066085861,0.9977103916742299,1.0
3,0,1.6148195763302458,0.54484,5000,2.031768238102948,0.5311750599520384,834,2.0352451778448426,0.516,0.9987761319611335,0.08332530902796895,,,0.97,,0.9700176878243976,0.029982312175602432,0.9958012264146204,0.0998873712873148,5,0.001,0.1,1.0,0.9973475780024612,0.9972277504027014,0.9979761883883101,0.9975284752108308,0.9972936579567607,0.9976039769907822,0.9970430316620413,0.997349299491314,0.9971130278119351,0.9975468289795859,0.9977874166961351
3,1,1.5919657225062134,0.57152,5000,2.0405364389772767,0.49280575539568344,834,2.0352451778448426,0.516,0.9988973699348079,0.08336041962049466,,,0.97,,0.9700176878243976,0.029982312175602432,0.9958012264146204,0.0998873712873148,5,0.001,0.1,0.9973475780024612,1.0,0.9976569530692975,0.9978066656665824,0.9972945440882258,0.9973048795476189,0.9970171492354835,0.9974205868393127,0.9981128112168979,0.9980698504525084,0.9976939652590816,0.9975427842067183
3,2,1.6225615632761816,0.56772,5000,2.0291769283789174,0.5215827338129496,834,2.0352451778448426,0.516,0.9989600195733915,0.08334247930068259,,,0.97,,0.9700176878243976,0.029982312175602432,0.9958012264146204,0.0998873712873148,5,0.001,0.1,0.9972277504027014,0.9976569530692975,1.0,0.9977249239636755,0.997848630181078,0.9975650081466158,0.9976323825608691,0.9972842740691736,0.9978719582519348,0.9981810933047878,0.9974197193174807,0.9976076432248214
3,3,1.6213701736395527,0.54728,5000,2.039672286422164,0.5311750599520384,834,2.0352451778448426,0.516,0.9989349950318617,0.08334156925942364,,,0.97,,0.9700176878243976,0.029982312175602432,0.9958012264146204,0.0998873712873148,5,0.001,0.1,0.9979761883883101,0.9978066656665824,0.9977249239636755,1.0,0.9973156591544885,0.9974622051195305,0.997367269673077,0.9975727389165021,0.9979281852929421,0.9972804795189336,0.9976703655042305,0.9976153363708782
3,4,1.614841602334551,0.5792,5000,2.0190613358109086,0.5282112845138055,833,2.0352451778448426,0.516,0.9987964092604587,0.08330830080290769,,,0.97,,0.9700176878243976,0.029982312175602432,0.9958012264146204,0.0998873712873148,5,0.001,0.1,0.9975284752108308,0.9972945440882258,0.997848630181078,0.9973156591544885,1.0,0.9970403211734467,0.9981154928215263,0.9972803060569797,0.9978285539436662,0.9978244020844675,0.9968294042317537,0.9971553673764687
3,5,1.6112312287282033,0.5636,5000,2.0376940170923867,0.47539015606242496,833,2.0352451778448426,0.516,0.9987500311007308,0.08335566491707386,,,0.97,,0.9700176878243976,0.029982312175602432,0.9958012264146204,0.0998873712873148,5,0.001,0.1,0.9972936579567607,0.9973048795476189,0.9975650081466158,0.9974622051195305,0.9970403211734467,1.0,0.9974575482948902,0.9979894123475096,0.9974721657812737,0.9979415583343031,0.9965563062756624,0.9974190765373472
3,6,1.6213102465222595,0.57096,5000,2.03102699915568,0.5210084033613446,833,2.0352451778448426,0.516,0.9988435416961651,0.08328598427765062,,,0.97,,0.9700176878243976,0.029982312175602432,0.9958012264146204,0.0998873712873148,5,0.001,0.1,0.9976039769907822,0.9970171492354835,0.9976323825608691,0.997367269673077,0.9981154928215263,0.9974575482948902,1.0,0.9976430164375036,0.9973621487211982,0.9978780679383117,0.9969181511824825,0.9976322475550409
3,7,1.612810946877595,0.576,5000,2.0430223676893444,0.5054021608643458,833,2.0352451778448426,0.516,0.9987801850048792,0.0833171604032959,,,0.97,,0.9700176878243976,0.029982312175602432,0.9958012264146204,0.0998873712873148,5,0.001,0.1,0.9970430316620413,0.9974205868393127,0.9972842740691736,0.9975727389165021,0.9972803060569797,0.9979894123475096,0.9976430164375036,1.0,0.9975332166311178,0.9982595808934779,0.9962147470801359,0.9976241867866881
3,8,1.6099574468697713,0.56564,5000,2.041365936950401,0.5138055222088835,833,2.0352451778448426,0.516,0.9990814458151184,0.08338780693371868,,,0.97,,0.9700176878243976,0.029982312175602432,0.9958012264146204,0.0998873712873148,5,0.001,0.1,0.997349299491314,0.9981128112168979,0.9978719582519348,0.9979281852929421,0.9978285539436662,0.9974721657812737,0.9973621487211982,0.9975332166311178,1.0,0.9982160448314721,0.997731134892953,0.9980682816756631
3,9,1.6080401693939403,0.57384,5000,2.0268185138702393,0.524609843937575,833,2.0352451778448426,0.516,0.9991258403424135,0.0833357947819241,,,0.97,,0.9700176878243976,0.029982312175602432,0.9958012264146204,0.0998873712873148,5,0.001,0.1,0.9971130278119351,0.9980698504525084,0.9981810933047878,0.9972804795189336,0.9978244020844675,0.9979415583343031,0.9978780679383117,0.9982595808934779,0.9982160448314721,1.0,0.9971874759235286,0.9980563675380132
3,10,1.6242022141529497,0.54636,5000,2.0308470593558416,0.5498199279711885,833,2.0352451778448426,0.516,0.9985723344981379,0.08329488378265942,,,0.97,,0.9700176878243976,0.029982312175602432,0.9958012264146204,0.0998873712873148,5,0.001,0.1,0.9975468289795859,0.9976939652590816,0.9974197193174807,0.9976703655042305,0.9968294042317537,0.9965563062756624,0.9969181511824825,0.9962147470801359,0.997731134892953,0.9971874759235286,1.0,0.9976062145125342
3,11,1.6194425371801777,0.5508,5000,2.045277480725889,0.4969987995198079,833,2.0352451778448426,0.516,0.9989679271691948,0.08334462689219999,,,0.97,,0.9700176878243976,0.029982312175602432,0.9958012264146204,0.0998873712873148,5,0.001,0.1,0.9977874166961351,0.9975427842067183,0.9976076432248214,0.9976153363708782,0.9971553673764687,0.9974190765373472,0.9976322475550409,0.9976241867866881,0.9980682816756631,0.9980563675380132,0.9976062145125342,1.0
4,0,1.4645038301018394,0.5874,5000,1.921237036033913,0.5587529976019184,834,1.9259032654686097,0.5399,0.9987545674767458,0.08332707683795251,,,0.97,,0.9700176878243976,0.029982312175602432,0.9971648225098644,0.09987956761530044,5,0.001,0.1,1.0,0.9972838974203218,0.9972716503524932,0.9978807718529207,0.9976428984758197,0.9969735886317385,0.9974712763567399,0.9968963151635354,0.9973624849805556,0.9968512528832011,0.9974566262967081,0.9975341847853815
4,1,1.4391442948086246,0.60612,5000,1.932460731930203,0.5167865707434053,834,1.9259032654686097,0.5399,0.9988674916286939,0.08335225068091054,,,0.97,,0.9700176878243976,0.029982312175602432,0.9971648225098644,0.09987956761530044,5,0.001,0.1,0.9972838974203218,1.0,0.9973166714895226,0.9974468746423056,0.9973361693296672,0.9970424105229652,0.9971941162955603,0.9975361713585491,0.9979594043104624,0.9980121558609375,0.9973301357236524,0.9975186678347122
4,2,1.4697008762389991,0.60064,5000,1.9167934170475713,0.5515587529976019,834,1.9259032654686097,0.5399,0.998820536710405,0.08333973449272937,,,0.97,,0.9700176878243976,0.029982312175602432,0.9971648225098644,0.09987956761530044,5,0.001,0.1,0.9972716503524932,0.9973166714895226,1.0,0.9974326553765633,0.9978839390243823,0.9970872541661848,0.9976465581926534,0.9968117522731277,0.9974678504373072,0.9974255278623896,0.997546437474661,0.9975248814629828
4,3,1.470074647171482,0.58516,5000,1.9303210267314204,0.5695443645083933,834,1.9259032654686097,0.5399,0.9987747168115705,0.08333769771495726,,,0.97,,0.9700176878243976,0.029982312175602432,0.9971648225098644,0.09987956761530044,5,0.001,0.1,0.9978807718529207,0.9974468746423056,0.9974326553765633,1.0,0.997352138026885,0.9968940831788713,0.9973843694052629,0.9973355280973646,0.9975706102056043,0.9968996512362894,0.9973087775173526,0.9973602918817417
4,4,1.462977384078275,0.61104,5000,1.9058304009614166,0.5486194477791116,833,1.9259032654686097,0.5399,0.9988755636968962,0.08332055250497869,,,0.97,,0.9700176878243976,0.029982312175602432,0.9971648225098644,0.09987956761530044,5,0.001,0.1,0.9976428984758197,0.9973361693296672,0.9978839390243823,0.997352138026885,1.0,0.9967712764283121,0.9980147138927994,0.9972386056784399,0.9978245072547399,0.9975962011402632,0.9971057754110391,0.9973093521816628
4,5,1.4587620913602743,0.59712,5000,1.9277563624911838,0.5102040816326531,833,1.9259032654686097,0.5399,0.9984679764669474,0.08333644155370598,,,0.97,,0.9700176878243976,0.029982312175602432,0.9971648225098644,0.09987956761530044,5,0.001,0.1,0.9969735886317385,0.9970424105229652,0.9970872541661848,0.9968940831788713,0.9967712764283121,1.0,0.9969494133819632,0.9976797671771728,0.996970171290024,0.9975655537149823,0.9962942039158612,0.996960737975749
4,6,1.4701466430524353,0.60316,5000,1.9216180421687938,0.5294117647058824,833,1.9259032654686097,0.5399,0.9988445227813585,0.08330586646997432,,,0.97,,0.9700176878243976,0.029982312175602432,0.9971648225098644,0.09987956761530044,5,0.001,0.1,0.9974712763567399,0.9971941162955603,0.9976465581926534,0.9973843694052629,0.9980147138927994,0.9969494133819632,1.0,0.9974428701303462,0.9973791413458796,0.9974587823317496,0.9973261693638718,0.997437079707673
4,7,1.4583166391226896,0.60456,5000,1.936209660989267,0.5234093637454982,833,1.9259032654686097,0.5399,0.9987163653880282,0.08332084729071064,,,0.97,,0.9700176878243976,0.029982312175602432,0.9971648225098644,0.09987956761530044,5,0.001,0.1,0.9968963151635354,0.9975361713585491,0.9968117522731277,0.9973355280973646,0.9972386056784399,0.9976797671771728,0.9974428701303462,1.0,0.9973051533933365,0.9981805751336323,0.996399766394557,0.9973401053410604
4,8,1.4574727359850694,0.60024,5000,1.9356528653038874,0.524609843937575,833,1.9259032654686097,0.5399,0.9989798029576795,0.08337266891610665,,,0.97,,0.9700176878243976,0.029982312175602432,0.9971648225098644,0.09987956761530044,5,0.001,0.1,0.9973624849805556,0.9979594043104624,0.9974678504373072,0.9975706102056043,0.9978245072547399,0.996970171290024,0.9973791413458796,0.9973051533933365,1.0,0.9978121296116309,0.9977339431232749,0.9979370620489173
4,9,1.4566878870034674,0.6004,5000,1.9156789117389255,0.5522208883553421,833,1.9259032654686097,0.5399,0.9989175319831982,0.08333876595797467,,,0.97,,0.9700176878243976,0.029982312175602432,0.9971648225098644,0.09987956761530044,5,0.001,0.1,0.9968512528832011,0.9980121558609375,0.9974255278623896,0.9968996512362894,0.9975962011402632,0.9975655537149823,0.9974587823317496,0.9981805751336323,0.9978121296116309,1.0,0.9971316364411646,0.9976437586829473
4,10,1.4767083557548037,0.58292,5000,1.9183483123779297,0.5738295318127251,833,1.9259032654686097,0.5399,0.9986438594333142,0.08330484751916507,,,0.97,,0.9700176878243976,0.029982312175602432,0.9971648225098644,0.09987956761530044,5,0.001,0.1,0.9974566262967081,0.9973301357236524,0.997546437474661,0.9973087775173526,0.9971057754110391,0.9962942039158612,0.9973261693638718,0.996399766394557,0.9977339431232749,0.9971316364411646,1.0,0.9976650925639139
4,11,1.4658243318272244,0.58792,5000,1.9374961190753512,0.5198079231692677,833,1.9259032654686097,0.5399,0.998888664288486,0.08334325006083411,,,0.97,,0.9700176878243976,0.029982312175602432,0.9971648225098644,0.09987956761530044,5,0.001,0.1,0.9975341847853815,0.9975186678347122,0.9975248814629828,0.9973602918817417,0.9973093521816628,0.996960737975749,0.997437079707673,0.9973401053410604,0.9979370620489173,0.9976437586829473,0.9976650925639139,1.0
5,0,1.3427958926577477,0.61472,5000,1.7964257619999073,0.580335731414868,834,1.801998093486213,0.5613,0.9986463735904721,0.083331091193823,,,0.97,,0.9700176878243976,0.029982312175602432,0.9980547625512475,0.09985967390382412,5,0.001,0.1,1.0,0.9968062113477313,0.9968293109179817,0.9976889107806453,0.9971845279074102,0.9967701944008419,0.9972705127424253,0.9968500778468298,0.9967828234804931,0.9967054263407765,0.9970163406424574,0.9970390355917927
5,1,1.3165849186812237,0.6272,5000,1.8098081482781305,0.5335731414868106,834,1.801998093486213,0.5613,0.998601047370302,0.08334506577696345,,,0.97,,0.9700176878243976,0.029982312175602432,0.9980547625512475,0.09985967390382412,5,0.001,0.1,0.9968062113477313,1.0,0.9967355174773054,0.9969098822632503,0.9969376570627668,0.9965893035788593,0.9968626636781044,0.9972548100744493,0.9973258209858267,0.9975107131792003,0.9968308835709566,0.9966354123837514
5,2,1.3477690681530412,0.62232,5000,1.7896451243647822,0.5671462829736211,834,1.801998093486213,0.5613,0.9986400398516291,0.08333864890176887,,,0.97,,0.9700176878243976,0.029982312175602432,0.9980547625512475,0.09985967390382412,5,0.001,0.1,0.9968293109179817,0.9967355174773054,1.0,0.997063195871633,0.9975499863670269,0.9967766433488306,0.9971903816235164,0.996750809546512,0.9969290529801732,0.9974356683139705,0.9967924425090224,0.9968138809303476
5,3,1.3497823076643003,0.61312,5000,1.8065027086823076,0.5899280575539568,834,1.801998093486213,0.5613,0.9986671253106542,0.08333827407501504,,,0.97,,0.9700176878243976,0.029982312175602432,0.9980547625512475,0.09985967390382412,5,0.001,0.1,0.9976889107806453,0.9969098822632503,0.997063195871633,1.0,0.9971489886070116,0.9964544435456096,0.9973791339664745,0.9971749256638389,0.9968959926464346,0.9965166603956265,0.9971572523394632,0.9968024479749433
5,4,1.3427348549198952,0.63548,5000,1.7782117834797613,0.5762304921968787,833,1.801998093486213,0.5613,0.9987317469808286,0.0833298457129995,,,0.97,,0.9700176878243976,0.029982312175602432,0.9980547625512475,0.09985967390382412,5,0.001,0.1,0.9971845279074102,0.9969376570627668,0.9975499863670269,0.9971489886070116,1.0,0.996514984500767,0.997641377858062,0.9971875632022417,0.9971148428444937,0.9973368320638568,0.9967770809217871,0.9965726964784389
5,5,1.335708976703085,0.62152,5000,1.8032302326626248,0.5306122448979592,833,1.801998093486213,0.5613,0.9982340394347166,0.08332352564760323,,,0.97,,0.9700176878243976,0.029982312175602432,0.9980547625512475,0.09985967390382412,5,0.001,0.1,0.9967701944008419,0.9965893035788593,0.9967766433488306,0.9964544435456096,0.996514984500767,1.0,0.9964926656046234,0.9969765953634191,0.9965833232685168,0.9968142375186625,0.9958773311731439,0.9961518007290637
5,6,1.3480085914302025,0.62556,5000,1.7978770909485993,0.5582232893157263,833,1.801998093486213,0.5613,0.998704602167827,0.08331996358857251,,,0.97,,0.9700176878243976,0.029982312175602432,0.9980547625512475,0.09985967390382412,5,0.001,0.1,0.9972705127424253,0.9968626636781044,0.9971903816235164,0.9973791339664745,0.997641377858062,0.9964926656046234,1.0,0.997303921362542,0.9965721382656879,0.9969989463754086,0.9971567176280962,0.9967736545406543
5,7,1.334216447316917,0.63248,5000,1.8152874178356595,0.5462184873949579,833,1.801998093486213,0.5613,0.9986650993971855,0.08332787539597587,,,0.97,,0.9700176878243976,0.029982312175602432,0.9980547625512475,0.09985967390382412,5,0.001,0.1,0.9968500778468298,0.9972548100744493,0.996750809546512,0.9971749256638389,0.9971875632022417,0.9969765953634191,0.997303921362542,1.0,0.9969191615630114,0.9976332606408611,0.9961678079818385,0.996948599701174
5,8,1.3348610749669896,0.625,5000,1.8159984129446525,0.5438175270108043,833,1.801998093486213,0.5613,0.9986271241360003,0.0833584286226507,,,0.97,,0.9700176878243976,0.029982312175602432,0.9980547625512475,0.09985967390382412,5,0.001,0.1,0.9967828234804931,0.9973258209858267,0.9969290529801732,0.9968959926464346,0.9971148428444937,0.9965833232685168,0.9965721382656879,0.9969191615630114,1.0,0.9975226493057898,0.9968917188679797,0.997172999897129
5,9,1.3334275267686053,0.62412,5000,1.7903643360844366,0.5702280912364946,833,1.801998093486213,0.5613,0.9987811960714871,0.08334261086191613,,,0.97,,0.9700176878243976,0.029982312175602432,0.9980547625512475,0.09985967390382412,5,0.001,0.1,0.9967054263407765,0.9975107131792003,0.9974356683139705,0.9965166603956265,0.9973368320638568,0.9968142375186625,0.9969989463754086,0.9976332606408611,0.9975226493057898,1.0,0.9967826826273886,0.9973008776709373
5,10,1.357307157167204,0.6082,5000,1.7904736200968425,0.595438175270108,833,1.801998093486213,0.5613,0.9984007835664866,0.0833095328052404,,,0.97,,0.9700176878243976,0.029982312175602432,0.9980547625512475,0.09985967390382412,5,0.001,0.1,0.9970163406424574,0.9968308835709566,0.9967924425090224,0.9971572523394632,0.9967770809217871,0.9958773311731439,0.9971567176280962,0.9961678079818385,0.9968917188679797,0.9967826826273886,1.0,0.9965508225054166
5,11,1.3429134424325007,0.61436,5000,1.8150053907323767,0.5438175270108043,833,1.801998093486213,0.5613,0.9984644471650745,0.0833351374174711,,,0.97,,0.9700176878243976,0.029982312175602432,0.9980547625512475,0.09985967390382412,5,0.001,0.1,0.9970390355917927,0.9966354123837514,0.9968138809303476,0.9968024479749433,0.9965726964784389,0.9961518007290637,0.9967736545406543,0.996948599701174,0.997172999897129,0.9973008776709373,0.9965508225054166,1.0
6,0,1.2450137265928232,0.63492,5000,1.6622760516625863,0.6103117505995204,834,1.6682106763029252,0.5867,0.9984452030790476,0.08333491833112373,,,0.97,,0.9700176878243976,0.029982312175602432,0.998480139558767,0.0998353237697846,5,0.001,0.1,1.0,0.9962948467954269,0.9961735334400389,0.9970667061106371,0.9967426393833083,0.9964145866195917,0.996949499832144,0.9968146693538992,0.9962344595855012,0.9962155218285833,0.9964244308909405,0.9962846340770605
6,1,1.2154622114388047,0.64812,5000,1.67769162301664,0.5611510791366906,834,1.6682106763029252,0.5867,0.9983813478649439,0.08334142770137519,,,0.97,,0.9700176878243976,0.029982312175602432,0.998480139558767,0.0998353237697846,5,0.001,0.1,0.9962948467954269,1.0,0.9963111675863023,0.9964279401243378,0.9961679443074913,0.9959884322120699,0.9963756944301677,0.9968426474845619,0.9967457585275756,0.9970303864843728,0.9964187394773932,0.9962459667371925
6,2,1.247500528195861,0.64024,5000,1.6526511201152094,0.5959232613908872,834,1.6682106763029252,0.5867,0.9983860813745444,0.08333764506084093,,,0.97,,0.9700176878243976,0.029982312175602432,0.998480139558767,0.0998353237697846,5,0.001,0.1,0.9961735334400389,0.9963111675863023,1.0,0.9965286970865787,0.9966571806845866,0.996247843753891,0.9968522748691283,0.9963189691549701,0.9962812094256235,0.9967136259807463,0.9964675005965206,0.996354785103526
6,3,1.2502228288893487,0.62868,5000,1.6730867756737604,0.6163069544364509,834,1.6682106763029252,0.5867,0.9984361356391225,0.08333903086526025,,,0.97,,0.9700176878243976,0.029982312175602432,0.998480139558767,0.0998353237697846,5,0.001,0.1,0.9970667061106371,0.9964279401243378,0.9965286970865787,1.0,0.9964847163129046,0.9960816737956109,0.9966099007954659,0.9969556560905302,0.9966075829658775,0.9961258817899865,0.996380099163426,0.9962375401050853
6,4,1.2446118566640623,0.65264,5000,1.6407281557718914,0.5966386554621849,833,1.6682106763029252,0.5867,0.9983369993548058,0.08333066181627957,,,0.97,,0.9700176878243976,0.029982312175602432,0.998480139558767,0.0998353237697846,5,0.001,0.1,0.9967426393833083,0.9961679443074913,0.9966571806845866,0.9964847163129046,1.0,0.9957069506903931,0.9967039844684532,0.9966676342196624,0.9966537731914905,0.9966595418330216,0.9961664729825058,0.9957080828577007
6,5,1.2358517532895326,0.63888,5000,1.6688862376742892,0.5450180072028812,833,1.6682106763029252,0.5867,0.9979513082423748,0.08331433617378806,,,0.97,,0.9700176878243976,0.029982312175602432,0.998480139558767,0.0998353237697846,5,0.001,0.1,0.9964145866195917,0.9959884322120699,0.996247843753891,0.9960816737956109,0.9957069506903931,1.0,0.9958913844162891,0.9965492519909723,0.9959073772181494,0.9962792715177935,0.9951961183383355,0.9954356079115345
6,6,1.248426502221709,0.64308,5000,1.6645681813911155,0.581032412965186,833,1.6682106763029252,0.5867,0.9984385893683685,0.08332788035477293,,,0.97,,0.9700176878243976,0.029982312175602432,0.998480139558767,0.0998353237697846,5,0.001,0.1,0.996949499832144,0.9963756944301677,0.9968522748691283,0.9966099007954659,0.9967039844684532,0.9958913844162891,1.0,0.9967818006241934,0.995948946158333,0.9963105917283375,0.9965998788636998,0.996512772343035
6,7,1.2325976714966402,0.6514,5000,1.6849578972216006,0.5702280912364946,833,1.6682106763029252,0.5867,0.9985598714954239,0.08333664744148078,,,0.97,,0.9700176878243976,0.029982312175602432,0.998480139558767,0.0998353237697846,5,0.001,0.1,0.9968146693538992,0.9968426474845619,0.9963189691549701,0.9969556560905302,0.9966676342196624,0.9965492519909723,0.9967818006241934,1.0,0.9965156334370016,0.9972796715018902,0.9960233426757633,0.996239718265949
6,8,1.2345473295564104,0.64412,5000,1.6867857509189181,0.5690276110444178,833,1.6682106763029252,0.5867,0.9983858717059799,0.08334976907938033,,,0.97,,0.9700176878243976,0.029982312175602432,0.998480139558767,0.0998353237697846,5,0.001,0.1,0.9962344595855012,0.9967457585275756,0.9962812094256235,0.9966075829658775,0.9966537731914905,0.9959073772181494,0.995948946158333,0.9965156334370016,1.0,0.9970133693383605,0.9965800707710514,0.9964149733171902
6,9,1.2341862160688752,0.644,5000,1.65552086741836,0.6014405762304922,833,1.6682106763029252,0.5867,0.9985262177010943,0.08334459831735348,,,0.97,,0.9700176878243976,0.029982312175602432,0.998480139558767,0.0998353237697846,5,0.001,0.1,0.9962155218285833,0.9970303864843728,0.9967136259807463,0.9961258817899865,0.9966595418330216,0.9962792715177935,0.9963105917283375,0.9972796715018902,0.9970133693383605,1.0,0.996541946109024,0.9964153933066289
6,10,1.2619394659996033,0.6266,5000,1.6517622691613656,0.6266506602641057,833,1.6682106763029252,0.5867,0.998236749442969,0.08331496809899087,,,0.97,,0.9700176878243976,0.029982312175602432,0.998480139558767,0.0998353237697846,5,0.001,0.1,0.9964244308909405,0.9964187394773932,0.9964675005965206,0.996380099163426,0.9961664729825058,0.9951961183383355,0.9965998788636998,0.9960233426757633,0.9965800707710514,0.996541946109024,1.0,0.9963201161145201
6,11,1.2412393427958155,0.6386,5000,1.6821303058553625,0.5666266506602641,833,1.6682106763029252,0.5867,0.9981576104904216,0.08332811675935393,,,0.97,,0.9700176878243976,0.029982312175602432,0.998480139558767,0.0998353237697846,5,0.001,0.1,0.9962846340770605,0.9962459667371925,0.996354785103526,0.9962375401050853,0.9957080828577007,0.9954356079115345,0.996512772343035,0.996239718265949,0.9964149733171902,0.9964153933066289,0.9963201161145201,1.0
7,0,1.1619214596262404,0.65652,5000,1.525445615803754,0.6330935251798561,834,1.531307859923512,0.6139,0.9980306395115087,0.08333703959129478,,,0.97,,0.9700176878243976,0.029982312175602432,0.99831603330651,0.09979457893450525,5,0.001,0.1,1.0,0.9953241890659547,0.9954912374220902,0.9963742568710842,0.9957094424353338,0.9951808061516064,0.9962872297438407,0.9960480734136569,0.9954232543071335,0.9949723988014528,0.9953377005348336,0.9956191754479459
7,1,1.1328101732928282,0.66388,5000,1.5424348954801206,0.5959232613908872,834,1.531307859923512,0.6139,0.9978952018166033,0.08333665994555751,,,0.97,,0.9700176878243976,0.029982312175602432,0.99831603330651,0.09979457893450525,5,0.001,0.1,0.9953241890659547,1.0,0.9952699641529812,0.9955347977667776,0.9951195307005605,0.9950139164622496,0.9952776027998312,0.9960144792344858,0.995987397263987,0.9960172492766183,0.9952727791395536,0.9953132404716498
