round,client_id,client_i_training_loss,client_i_training_accuracy,client_i_training_dataset_size,client_i_evaluation_loss,client_i_evaluation_accuracy,client_i_evaluation_dataset_size,client_i_central_evaluation_loss,client_i_central_evaluation_accuracy,client_i_cosine_similarity,client_i_importance_coefficient,client_i_tanh_val,tanh_normalization_value,client_i_q,client_i_mask_order,client_i_v_nonzero_fraction,client_i_v_sparsity,client_i_v_cosine_similarity,client_i_reward_gradient_norm,local_epochs,learning_rate,gamma,client_0_cosine_similarity,client_1_cosine_similarity,client_2_cosine_similarity,client_3_cosine_similarity,client_4_cosine_similarity,client_5_cosine_similarity,client_6_cosine_similarity,client_7_cosine_similarity,client_8_cosine_similarity,client_9_cosine_similarity,client_10_cosine_similarity,client_11_cosine_similarity
0,0,2.2404461742206743,0.22524,5000,2.27360886114615,0.15227817745803357,834,2.272262233514755,0.1661,0.9927482462664493,0.08311586444630616,,,0.97,,0.9700176878243976,0.029982312175602432,0,0.09953452527252803,5,0.001,0.1,1.0,0.9887225650141025,0.9847318511029809,0.9874740455347771,0.9911283827034986,0.990493927870799,0.9867325531112663,0.9851719695119192,0.9862808860511159,0.9864138181650839,0.9888772587855025,0.9815054418287246
0,1,2.24342754995747,0.25532,5000,2.276622277719003,0.17625899280575538,834,2.272262233514755,0.1661,0.996461935342305,0.08342678564811677,,,0.97,,0.9700176878243976,0.029982312175602432,0,0.09953452527252803,5,0.001,0.1,0.9887225650141025,1.0,0.9879579940455028,0.987780309392096,0.9937049210056723,0.9936628799390159,0.9906429614565312,0.9930376977246625,0.9914751442615936,0.9926800733836103,0.9927452459965149,0.9894797607113949
0,2,2.2444883923621695,0.27804,5000,2.2658866246541343,0.15827338129496402,834,2.272262233514755,0.1661,0.9948725215358499,0.08329371515115722,,,0.97,,0.9700176878243976,0.029982312175602432,0,0.09953452527252803,5,0.001,0.1,0.9847318511029809,0.9879579940455028,1.0,0.988937388569713,0.9909708494787371,0.986978854969013,0.9909677048535169,0.989905818889077,0.9919054765568356,0.992425595522613,0.9920272049578337,0.9860966202797473
0,3,2.2402214338825006,0.22032,5000,2.269917373304014,0.1750599520383693,834,2.272262233514755,0.1661,0.9945688288730766,0.08326828908942673,,,0.97,,0.9700176878243976,0.029982312175602432,0,0.09953452527252803,5,0.001,0.1,0.9874740455347771,0.987780309392096,0.988937388569713,1.0,0.9901217123359874,0.9917914224840786,0.9908706898316064,0.9848527809024725,0.9917006272583212,0.9899043771939738,0.9849270037091947,0.9909176515658301
0,4,2.242951384319621,0.24136,5000,2.268635979405156,0.19207683073229292,833,2.272262233514755,0.1661,0.9969386132487664,0.0834666945539315,,,0.97,,0.9700176878243976,0.029982312175602432,0,0.09953452527252803,5,0.001,0.1,0.9911283827034986,0.9937049210056723,0.9909708494787371,0.9901217123359874,1.0,0.9937279852654028,0.9911760294999706,0.9942598540448154,0.9917558947620778,0.9907693504054459,0.9934948442939714,0.9864732412212788
0,5,2.2398009297194754,0.24912,5000,2.2731327922255904,0.16206482593037214,833,2.272262233514755,0.1661,0.99632542662718,0.08341535672854453,,,0.97,,0.9700176878243976,0.029982312175602432,0,0.09953452527252803,5,0.001,0.1,0.990493927870799,0.9936628799390159,0.986978854969013,0.9917914224840786,0.9937279852654028,1.0,0.9921108405987518,0.9923414056647746,0.9893461468163748,0.9919668054084737,0.9875950207483727,0.9902437826308745
0,6,2.2433565015246155,0.25928,5000,2.268984732804475,0.1836734693877551,833,2.272262233514755,0.1661,0.9960889661409035,0.08339555954653168,,,0.97,,0.9700176878243976,0.029982312175602432,0,0.09953452527252803,5,0.001,0.1,0.9867325531112663,0.9906429614565312,0.9909677048535169,0.9908706898316064,0.9911760294999706,0.9921108405987518,1.0,0.9928357182050375,0.9911140155995718,0.9925140658619985,0.9874948675047815,0.9909753074755301
0,7,2.2441939038076217,0.27136,5000,2.272321965959337,0.16686674669867949,833,2.272262233514755,0.1661,0.995546435306714,0.08335013723584817,,,0.97,,0.9700176878243976,0.029982312175602432,0,0.09953452527252803,5,0.001,0.1,0.9851719695119192,0.9930376977246625,0.989905818889077,0.9848527809024725,0.9942598540448154,0.9923414056647746,0.9928357182050375,1.0,0.9897837578020121,0.991307060302817,0.9915526095577736,0.9859060118397356
0,8,2.244324320592698,0.2506,5000,2.273867933838456,0.15726290516206481,833,2.272262233514755,0.1661,0.9959744599801804,0.08338597274688865,,,0.97,,0.9700176878243976,0.029982312175602432,0,0.09953452527252803,5,0.001,0.1,0.9862808860511159,0.9914751442615936,0.9919054765568356,0.9917006272583212,0.9917558947620778,0.9893461468163748,0.9911140155995718,0.9897837578020121,1.0,0.9936508565657385,0.990674326542999,0.9883799429170741
0,9,2.244463869264931,0.2788,5000,2.268110337080779,0.18127250900360145,833,2.272262233514755,0.1661,0.9963571921506089,0.08341801623355932,,,0.97,,0.9700176878243976,0.029982312175602432,0,0.09953452527252803,5,0.001,0.1,0.9864138181650839,0.9926800733836103,0.992425595522613,0.9899043771939738,0.9907693504054459,0.9919668054084737,0.9925140658619985,0.991307060302817,0.9936508565657385,1.0,0.9893877170369841,0.9896187651517148
0,10,2.242325643065629,0.27076,5000,2.2735289644311973,0.14765906362545017,833,2.272262233514755,0.1661,0.9949359349738794,0.08329902431462254,,,0.97,,0.9700176878243976,0.029982312175602432,0,0.09953452527252803,5,0.001,0.1,0.9888772587855025,0.9927452459965149,0.9920272049578337,0.9849270037091947,0.9934948442939714,0.9875950207483727,0.9874948675047815,0.9915526095577736,0.990674326542999,0.9893877170369841,1.0,0.9848866792537146
0,11,2.2415293259225835,0.2544,5000,2.2787534219247325,0.1404561824729892,833,2.272262233514755,0.1661,0.9933301635052952,0.08316458430506671,,,0.97,,0.9700176878243976,0.029982312175602432,0,0.09953452527252803,5,0.001,0.1,0.9815054418287246,0.9894797607113949,0.9860966202797473,0.9909176515658301,0.9864732412212788,0.9902437826308745,0.9909753074755301,0.9859060118397356,0.9883799429170741,0.9896187651517148,0.9848866792537146,1.0
1,0,2.132990396858021,0.36888,5000,2.225102256845545,0.36330935251798563,834,2.223866641711884,0.3643,0.9968605838507153,0.08317358444160924,,,0.97,,0.9700176878243976,0.029982312175602432,0.9448116238619744,0.09976759430490646,5,0.001,0.1,1.0,0.9948692731969164,0.9934047470146041,0.9939696888938253,0.995842717087532,0.9958144304774408,0.9937139902074978,0.9930942099335934,0.9932024656124931,0.9937287297987389,0.9949149956595424,0.9919901047160289
1,1,2.135660154652444,0.40976,5000,2.228710757361518,0.36930455635491605,834,2.223866641711884,0.3643,0.9980707108501266,0.08340339210310664,,,0.97,,0.9700176878243976,0.029982312175602432,0.9448116238619744,0.09976759430490646,5,0.001,0.1,0.9948692731969164,1.0,0.9941726824514521,0.9932437896523131,0.9966214542154126,0.9962101307463674,0.9945725533061045,0.9960889923799429,0.995227245683257,0.9966058876561004,0.9966223631267084,0.9947786915703201
1,2,2.1369018571391987,0.39736,5000,2.21429235846908,0.39688249400479614,834,2.223866641711884,0.3643,0.9977033653491406,0.08330989881941933,,,0.97,,0.9700176878243976,0.029982312175602432,0.9448116238619744,0.09976759430490646,5,0.001,0.1,0.9934047470146041,0.9941726824514521,1.0,0.9951257477534617,0.9952029162286159,0.9933082787827626,0.9958957183258853,0.9948049207399299,0.9961378385641461,0.9970272906946819,0.9957083309169737,0.9938347452058182
1,3,2.1307427263563605,0.38108,5000,2.221567816204495,0.34772182254196643,834,2.223866641711884,0.3643,0.9971686167369871,0.083277035590301,,,0.97,,0.9700176878243976,0.029982312175602432,0.9448116238619744,0.09976759430490646,5,0.001,0.1,0.9939696888938253,0.9932437896523131,0.9951257477534617,1.0,0.9947056054839211,0.9954292322301754,0.995141557153038,0.9928408528160216,0.9953544226062859,0.9944886765312668,0.993280016376656,0.9946489443993755
1,4,2.1339388408478657,0.36976,5000,2.2196870468280934,0.3817527010804322,833,2.223866641711884,0.3643,0.9983119685246078,0.08343566393254986,,,0.97,,0.9700176878243976,0.029982312175602432,0.9448116238619744,0.09976759430490646,5,0.001,0.1,0.995842717087532,0.9966214542154126,0.9952029162286159,0.9947056054839211,1.0,0.9963495705286002,0.995303989706492,0.9966779771387111,0.9953113484254749,0.9955716496442151,0.9967327225712321,0.9935818510523724
1,5,2.126522332088203,0.39888,5000,2.2240257174880416,0.33133253301320525,833,2.223866641711884,0.3643,0.9978271404412914,0.08338851679196195,,,0.97,,0.9700176878243976,0.029982312175602432,0.9448116238619744,0.09976759430490646,5,0.001,0.1,0.9958144304774408,0.9962101307463674,0.9933082787827626,0.9954292322301754,0.9963495705286002,1.0,0.9955381147144278,0.996158470030025,0.993564016400173,0.9952688285843886,0.9941142269225517,0.9943461915534474
1,6,2.1344448332573958,0.38764,5000,2.2207537403813116,0.37695078031212487,833,2.223866641711884,0.3643,0.9978244973291102,0.08337628677334456,,,0.97,,0.9700176878243976,0.029982312175602432,0.9448116238619744,0.09976759430490646,5,0.001,0.1,0.9937139902074978,0.9945725533061045,0.9958957183258853,0.995141557153038,0.995303989706492,0.9955381147144278,1.0,0.9965757547716758,0.9950365561539573,0.9956152395148885,0.9937664574693125,0.9949096411866504
1,7,2.132805764447352,0.39156,5000,2.2225374822263366,0.36014405762304924,833,2.223866641711884,0.3643,0.9977788396262867,0.08334694807496426,,,0.97,,0.9700176878243976,0.029982312175602432,0.9448116238619744,0.09976759430490646,5,0.001,0.1,0.9930942099335934,0.9960889923799429,0.9948049207399299,0.9928408528160216,0.9966779771387111,0.996158470030025,0.9965757547716758,1.0,0.9946683690469054,0.995876307920334,0.9953849686325984,0.993343016154559
1,8,2.136959929223273,0.40036,5000,2.228011934845536,0.35294117647058826,833,2.223866641711884,0.3643,0.997711148967212,0.08336674601276768,,,0.97,,0.9700176878243976,0.029982312175602432,0.9448116238619744,0.09976759430490646,5,0.001,0.1,0.9932024656124931,0.995227245683257,0.9961378385641461,0.9953544226062859,0.9953113484254749,0.993564016400173,0.9950365561539573,0.9946683690469054,1.0,0.9966490730541353,0.9949686787136275,0.9945924393024645
1,9,2.1355749075579795,0.41152,5000,2.2201668598033764,0.38055222088835533,833,2.223866641711884,0.3643,0.9982633685792374,0.08340423282227094,,,0.97,,0.9700176878243976,0.029982312175602432,0.9448116238619744,0.09976759430490646,5,0.001,0.1,0.9937287297987389,0.9966058876561004,0.9970272906946819,0.9944886765312668,0.9955716496442151,0.9952688285843886,0.9956152395148885,0.995876307920334,0.9966490730541353,1.0,0.9955474161382719,0.994941054996796
1,10,2.132815028148092,0.4014,5000,2.2265435413078025,0.3565426170468187,833,2.223866641711884,0.3643,0.9977196170692356,0.08331368047325462,,,0.97,,0.9700176878243976,0.029982312175602432,0.9448116238619744,0.09976759430490646,5,0.001,0.1,0.9949149956595424,0.9966223631267084,0.9957083309169737,0.993280016376656,0.9967327225712321,0.9941142269225517,0.9937664574693125,0.9953849686325984,0.9949686787136275,0.9955474161382719,1.0,0.9937774459153322
1,11,2.13240537734548,0.4164,5000,2.229271650314331,0.35414165666266506,833,2.223866641711884,0.3643,0.9968773794775723,0.08320401416444999,,,0.97,,0.9700176878243976,0.029982312175602432,0.9448116238619744,0.09976759430490646,5,0.001,0.1,0.9919901047160289,0.9947786915703201,0.9938347452058182,0.9946489443993755,0.9935818510523724,0.9943461915534474,0.9949096411866504,0.993343016154559,0.9945924393024645,0.994941054996796,0.9937774459153322,1.0
2,0,1.9827914412613887,0.4532,5000,2.1640573607550726,0.460431654676259,834,2.16317215285743,0.4621,0.9979172590503134,0.08321717002613983,,,0.97,,0.9700176878243976,0.029982312175602432,0.9826759169696838,0.09984805861757347,5,0.001,0.1,1.0,0.9967218069465408,0.9958389757051116,0.9961187486506589,0.9968828324891333,0.9973442847529241,0.995618376375425,0.9958509414355832,0.9950700430062734,0.9958997168461233,0.9964932071756762,0.9949855165377673
2,1,1.9816930085990079,0.4852,5000,2.168850810439498,0.4580335731414868,834,2.16317215285743,0.4621,0.9987910929884931,0.08338630752921823,,,0.97,,0.9700176878243976,0.029982312175602432,0.9826759169696838,0.09984805861757347,5,0.001,0.1,0.9967218069465408,1.0,0.9962445121274174,0.9962751507293576,0.9977034218305827,0.9975696933146888,0.9967107604514152,0.9976983737501365,0.996746017335528,0.9976558708352175,0.9973302382021301,0.9966284236402138
2,2,1.9842405928168327,0.46332,5000,2.150243388281928,0.5023980815347722,834,2.16317215285743,0.4621,0.9985028162456436,0.08331966675887224,,,0.97,,0.9700176878243976,0.029982312175602432,0.9826759169696838,0.09984805861757347,5,0.001,0.1,0.9958389757051116,0.9962445121274174,1.0,0.9967096811059062,0.9968716153561604,0.9962136959480546,0.9974181072204864,0.9967160499320395,0.9971049185026233,0.9977147604416894,0.9970456397450516,0.9959554707478779
2,3,1.9773935907205957,0.46544,5000,2.161053110052038,0.4592326139088729,834,2.16317215285743,0.4621,0.998300275681628,0.08329297551844814,,,0.97,,0.9700176878243976,0.029982312175602432,0.9826759169696838,0.09984805861757347,5,0.001,0.1,0.9961187486506589,0.9962751507293576,0.9967096811059062,1.0,0.9966170551874259,0.9973804989522285,0.9966167193576925,0.9959374940421923,0.9968492794220652,0.9968998374248985,0.9953681245859082,0.9966373885446848
2,4,1.980886009696183,0.44216,5000,2.1580361083701805,0.4717887154861945,833,2.16317215285743,0.4621,0.998878610793158,0.08340892349097873,,,0.97,,0.9700176878243976,0.029982312175602432,0.9826759169696838,0.09984805861757347,5,0.001,0.1,0.9968828324891333,0.9977034218305827,0.9968716153561604,0.9966170551874259,1.0,0.9976521227800494,0.997233718950159,0.9980800931166188,0.9967677502515904,0.9971961271629189,0.9975681697069526,0.9957585106708025
2,5,1.9674560754921786,0.48348,5000,2.1622008394311973,0.45858343337334934,833,2.16317215285743,0.4621,0.9987479460534089,0.08337579238341035,,,0.97,,0.9700176878243976,0.029982312175602432,0.9826759169696838,0.09984805861757347,5,0.001,0.1,0.9973442847529241,0.9975696933146888,0.9962136959480546,0.9973804989522285,0.9976521227800494,1.0,0.9970108364125114,0.9975765036779828,0.9960213503086426,0.9972053829418537,0.9964357810116924,0.9963594815953745
2,6,1.9811842333738972,0.47752,5000,2.1598816801000527,0.46938775510204084,833,2.16317215285743,0.4621,0.9985352173385735,0.08336142590131095,,,0.97,,0.9700176878243976,0.029982312175602432,0.9826759169696838,0.09984805861757347,5,0.001,0.1,0.995618376375425,0.9967107604514152,0.9974181072204864,0.9966167193576925,0.997233718950159,0.9970108364125114,1.0,0.9976886668969606,0.9963553449021763,0.9969417538352314,0.9961987492206011,0.9964260385846166
2,7,1.9746417410054784,0.47504,5000,2.1596887288270175,0.46338535414165666,833,2.16317215285743,0.4621,0.9987053516936684,0.08334892497276962,,,0.97,,0.9700176878243976,0.029982312175602432,0.9826759169696838,0.09984805861757347,5,0.001,0.1,0.9958509414355832,0.9976983737501365,0.9967160499320395,0.9959374940421923,0.9980800931166188,0.9975765036779828,0.9976886668969606,1.0,0.9965724646932924,0.9972143721953524,0.997230923370006,0.9956888402463857
2,8,1.983999804326683,0.48408,5000,2.170141025825783,0.4429771908763505,833,2.16317215285743,0.4621,0.9983071531381925,0.083348213659762,,,0.97,,0.9700176878243976,0.029982312175602432,0.9826759169696838,0.09984805861757347,5,0.001,0.1,0.9950700430062734,0.996746017335528,0.9971049185026233,0.9968492794220652,0.9967677502515904,0.9960213503086426,0.9963553449021763,0.9965724646932924,1.0,0.9975851344334852,0.9962192758288663,0.9961947936245403
2,9,1.9804180590210447,0.49084,5000,2.1603484683566623,0.4765906362545018,833,2.16317215285743,0.4621,0.9988166482584578,0.08338764796043971,,,0.97,,0.9700176878243976,0.029982312175602432,0.9826759169696838,0.09984805861757347,5,0.001,0.1,0.9958997168461233,0.9976558708352175,0.9977147604416894,0.9968998374248985,0.9971961271629189,0.9972053829418537,0.9969417538352314,0.9972143721953524,0.9975851344334852,1.0,0.9968838544681667,0.9963929090861814
2,10,1.978350746403834,0.46416,5000,2.167702560071592,0.4237695078031212,833,2.16317215285743,0.4621,0.9983747619233757,0.08331785269543074,,,0.97,,0.9700176878243976,0.029982312175602432,0.9826759169696838,0.09984805861757347,5,0.001,0.1,0.9964932071756762,0.9973302382021301,0.9970456397450516,0.9953681245859082,0.9975681697069526,0.9964357810116924,0.9961987492206011,0.997230923370006,0.9962192758288663,0.9968838544681667,1.0,0.9955243819086783
2,11,1.9767109175396573,0.50988,5000,2.16691083378262,0.45858343337334934,833,2.16317215285743,0.4621,0.9978945688892497,0.08323509910321948,,,0.97,,0.9700176878243976,0.029982312175602432,0.9826759169696838,0.09984805861757347,5,0.001,0.1,0.9949855165377673,0.9966284236402138,0.9959554707478779,0.9966373885446848,0.9957585106708025,0.9963594815953745,0.9964260385846166,0.9956888402463857,0.9961947936245403,0.9963929090861814,0.9955243819086783,1.0
3,0,1.8132539374053858,0.5034,5000,2.0890169231979936,0.4904076738609113,834,2.0885280214559536,0.4959,0.9983856248358733,0.08324960231484707,,,0.97,,0.9700176878243976,0.029982312175602432,0.9918315991627323,0.09987727810804609,5,0.001,0.1,1.0,0.9975316756120092,0.99673251557718,0.9968299949256691,0.9973817007360043,0.9976414970576867,0.9965289149418057,0.9966771040936774,0.9964120530304527,0.9969313575758216,0.9969533605909544,0.9963106199558541
3,1,1.8056262846964939,0.5298,5000,2.0949445035722523,0.47601918465227816,834,2.0885280214559536,0.4959,0.9990977209136982,0.08337629825621348,,,0.97,,0.9700176878243976,0.029982312175602432,0.9918315991627323,0.09987727810804609,5,0.001,0.1,0.9975316756120092,1.0,0.9972217091835671,0.9971602587187149,0.998116175574951,0.998031714302573,0.997438095101069,0.9980529611645053,0.9975061375754428,0.9981765055497422,0.9978810666213488,0.9973433469003653
3,2,1.8117946887471874,0.50908,5000,2.072075932114213,0.5311750599520384,834,2.0885280214559536,0.4959,0.9987991719587129,0.08332579931531477,,,0.97,,0.9700176878243976,0.029982312175602432,0.9918315991627323,0.09987727810804609,5,0.001,0.1,0.99673251557718,0.9972217091835671,1.0,0.9972365137301865,0.997393676889488,0.9967309265787668,0.9980167292175878,0.9975558800804704,0.9973488317788104,0.9979580056055667,0.9976533352768497,0.9970354569960697
3,3,1.803688711725223,0.51276,5000,2.0868430490846985,0.49160671462829736,834,2.0885280214559536,0.4959,0.9985855959236158,0.08330253957036608,,,0.97,,0.9700176878243976,0.029982312175602432,0.9918315991627323,0.09987727810804609,5,0.001,0.1,0.9968299949256691,0.9971602587187149,0.9972365137301865,1.0,0.9969664230911922,0.9976996788514144,0.9972012506101856,0.9968817013778435,0.9973089221006673,0.9975806880535324,0.9963969520574945,0.9970628360802033
3,4,1.809449309907901,0.492,5000,2.0820022600668446,0.5114045618247299,833,2.0885280214559536,0.4959,0.9989865223715794,0.08338657748488376,,,0.97,,0.9700176878243976,0.029982312175602432,0.9918315991627323,0.09987727810804609,5,0.001,0.1,0.9973817007360043,0.998116175574951,0.997393676889488,0.9969664230911922,1.0,0.997843070911332,0.9974841270084286,0.9982803099470945,0.9972926410340137,0.9976277657816176,0.9977250538998512,0.9970151888940121
3,5,1.7905741933045114,0.5282,5000,2.0863146119647555,0.5006002400960384,833,2.0885280214559536,0.4959,0.998860930240992,0.08336220838812913,,,0.97,,0.9700176878243976,0.029982312175602432,0.9918315991627323,0.09987727810804609,5,0.001,0.1,0.9976414970576867,0.998031714302573,0.9967309265787668,0.9976996788514144,0.997843070911332,1.0,0.997205235809472,0.9977690232152068,0.9966198300145215,0.9976952834262246,0.9970762372079461,0.9973103925526619
3,6,1.8082817817189891,0.52828,5000,2.0847651958465576,0.49819927971188477,833,2.0885280214559536,0.4959,0.9987686061886549,0.08335041933002278,,,0.97,,0.9700176878243976,0.029982312175602432,0.9918315991627323,0.09987727810804609,5,0.001,0.1,0.9965289149418057,0.997438095101069,0.9980167292175878,0.9972012506101856,0.9974841270084286,0.997205235809472,1.0,0.997815935112404,0.9969005041582579,0.9974525882644439,0.9969428953910303,0.9975300217590238
3,7,1.7980378175237377,0.5246,5000,2.0822733684822365,0.503001200480192,833,2.0885280214559536,0.4959,0.9989402510474705,0.08334829339173105,,,0.97,,0.9700176878243976,0.029982312175602432,0.9918315991627323,0.09987727810804609,5,0.001,0.1,0.9966771040936774,0.9980529611645053,0.9975558800804704,0.9968817013778435,0.9982803099470945,0.9977690232152068,0.997815935112404,1.0,0.9972454300682625,0.9977102403707668,0.99762524419605,0.9969578046933185
3,8,1.809286089307943,0.53148,5000,2.0988217459784613,0.4849939975990396,833,2.0885280214559536,0.4959,0.9986022309072431,0.08333694816136782,,,0.97,,0.9700176878243976,0.029982312175602432,0.9918315991627323,0.09987727810804609,5,0.001,0.1,0.9964120530304527,0.9975061375754428,0.9973488317788104,0.9973089221006673,0.9972926410340137,0.9966198300145215,0.9969005041582579,0.9972454300682625,1.0,0.9977945889933346,0.9968790279201739,0.9972144763823158
3,9,1.804971723647634,0.5402,5000,2.0869970233352095,0.5090036014405762,833,2.0885280214559536,0.4959,0.9990315789529275,0.08337498557568936,,,0.97,,0.9700176878243976,0.029982312175602432,0.9918315991627323,0.09987727810804609,5,0.001,0.1,0.9969313575758216,0.9981765055497422,0.9979580056055667,0.9975806880535324,0.9976277657816176,0.9976952834262246,0.9974525882644439,0.9977102403707668,0.9977945889933346,1.0,0.9974545700781403,0.9972852552998084
3,10,1.8048806612658652,0.5104,5000,2.0950262634842485,0.460984393757503,833,2.0885280214559536,0.4959,0.9986722369262107,0.08332059031730635,,,0.97,,0.9700176878243976,0.029982312175602432,0.9918315991627323,0.09987727810804609,5,0.001,0.1,0.9969533605909544,0.9978810666213488,0.9976533352768497,0.9963969520574945,0.9977250538998512,0.9970762372079461,0.9969428953910303,0.99762524419605,0.9968790279201739,0.9974545700781403,1.0,0.9967739953056826
3,11,1.799453826770661,0.55312,5000,2.090225687733403,0.49339735894357745,833,2.0885280214559536,0.4959,0.9985449377392588,0.08326573789412837,,,0.97,,0.9700176878243976,0.029982312175602432,0.9918315991627323,0.09987727810804609,5,0.001,0.1,0.9963106199558541,0.9973433469003653,0.9970354569960697,0.9970628360802033,0.9970151888940121,0.9973103925526619,0.9975300217590238,0.9969578046933185,0.9972144763823158,0.9972852552998084,0.9967739953056826,1.0
4,0,1.6513810472123942,0.54188,5000,1.9994695098311812,0.5311750599520384,834,1.9991512648975507,0.5449,0.9986863516855105,0.0832760512663192,,,0.97,,0.9700176878243976,0.029982312175602432,0.9952376111428307,0.09988701491604096,5,0.001,0.1,1.0,0.9976581477074136,0.9970679765496099,0.997094848108446,0.9976088838920865,0.9980256591361233,0.9971279334518628,0.9975401449165779,0.997188518329321,0.9973115677273233,0.9972174225168433,0.9968603618470734
4,1,1.6409778757459799,0.56528,5000,2.0062332859745733,0.5299760191846523,834,1.9991512648975507,0.5449,0.9990321665891783,0.08336489778535211,,,0.97,,0.9700176878243976,0.029982312175602432,0.9952376111428307,0.09988701491604096,5,0.001,0.1,0.9976581477074136,1.0,0.9974152468813989,0.9971211570773237,0.9980131031639722,0.9978725421193311,0.9976688824756892,0.9980833313634132,0.9975930987886851,0.9980359062668672,0.997777656986747,0.9976038590953503
4,2,1.646468132696334,0.5506,5000,1.9786366312592119,0.5767386091127098,834,1.9991512648975507,0.5449,0.9987714494384975,0.08332551937258245,,,0.97,,0.9700176878243976,0.029982312175602432,0.9952376111428307,0.09988701491604096,5,0.001,0.1,0.9970679765496099,0.9974152468813989,1.0,0.9971769680071899,0.9974210058292028,0.9967364024177738,0.9979402904746385,0.9976424657684213,0.9974481595588649,0.9978232429980054,0.9978655205490714,0.997182155193043
4,3,1.6396324350575733,0.54904,5000,1.998165077633328,0.5335731414868106,834,1.9991512648975507,0.5449,0.9986199963980519,0.08330636944456023,,,0.97,,0.9700176878243976,0.029982312175602432,0.9952376111428307,0.09988701491604096,5,0.001,0.1,0.997094848108446,0.9971211570773237,0.9971769680071899,1.0,0.997101264377939,0.9978862473701018,0.9972695761498506,0.9972806530586351,0.997346167891865,0.9974489719610585,0.9969809135280552,0.9971983263485116
4,4,1.648154443388532,0.53772,5000,1.990781894436589,0.5366146458583433,833,1.9991512648975507,0.5449,0.9989886958139335,0.08336979781724375,,,0.97,,0.9700176878243976,0.029982312175602432,0.9952376111428307,0.09988701491604096,5,0.001,0.1,0.9976088838920865,0.9980131031639722,0.9974210058292028,0.997101264377939,1.0,0.9975983622721237,0.9977466421821587,0.9983745364042451,0.9975407522439875,0.997722732954835,0.9979365498114288,0.9972576665946876
4,5,1.6254013918008015,0.56652,5000,1.9958222442203097,0.5558223289315727,833,1.9991512648975507,0.5449,0.9989085186105265,0.08335226789282202,,,0.97,,0.9700176878243976,0.029982312175602432,0.9952376111428307,0.09988701491604096,5,0.001,0.1,0.9980256591361233,0.9978725421193311,0.9967364024177738,0.9978862473701018,0.9975983622721237,1.0,0.9974581961855344,0.9980595859010783,0.9971220399174836,0.9978330827097968,0.9973571979497678,0.9974126811606527
4,6,1.6460849174268686,0.56976,5000,1.9947236643897162,0.5486194477791116,833,1.9991512648975507,0.5449,0.9988877601823283,0.0833443692606634,,,0.97,,0.9700176878243976,0.029982312175602432,0.9952376111428307,0.09988701491604096,5,0.001,0.1,0.9971279334518628,0.9976688824756892,0.9979402904746385,0.9972695761498506,0.9977466421821587,0.9974581961855344,1.0,0.9979221954777386,0.9970936503280383,0.9976001399732765,0.9975965411973723,0.9976888816443932
4,7,1.632053753676688,0.56724,5000,1.9897837109035916,0.5558223289315727,833,1.9991512648975507,0.5449,0.9991028592303711,0.0833500074104931,,,0.97,,0.9700176878243976,0.029982312175602432,0.9952376111428307,0.09988701491604096,5,0.001,0.1,0.9975401449165779,0.9980833313634132,0.9976424657684213,0.9972806530586351,0.9983745364042451,0.9980595859010783,0.9979221954777386,1.0,0.9975627428178183,0.9977471657895801,0.9980065106800494,0.9974712842653098
4,8,1.6446235551955595,0.56324,5000,2.0137235279436463,0.5270108043217286,833,1.9991512648975507,0.5449,0.9987482621753221,0.08333160722199086,,,0.97,,0.9700176878243976,0.029982312175602432,0.9952376111428307,0.09988701491604096,5,0.001,0.1,0.997188518329321,0.9975930987886851,0.9974481595588649,0.997346167891865,0.9975407522439875,0.9971220399174836,0.9970936503280383,0.9975627428178183,1.0,0.9976060107203362,0.9975054705892122,0.9974348758333181
4,9,1.6386771334963999,0.5754,5000,1.9988584341826263,0.5690276110444178,833,1.9991512648975507,0.5449,0.9990278179883102,0.08336395254846948,,,0.97,,0.9700176878243976,0.029982312175602432,0.9952376111428307,0.09988701491604096,5,0.001,0.1,0.9973115677273233,0.9980359062668672,0.9978232429980054,0.9974489719610585,0.997722732954835,0.9978330827097968,0.9976001399732765,0.9977471657895801,0.9976060107203362,1.0,0.9979241253868044,0.9977381067083009
4,10,1.6408156927983473,0.54952,5000,2.007613738377889,0.5222088835534213,833,1.9991512648975507,0.5449,0.9989324878118724,0.0833275224229774,,,0.97,,0.9700176878243976,0.029982312175602432,0.9952376111428307,0.09988701491604096,5,0.001,0.1,0.9972174225168433,0.997777656986747,0.9978655205490714,0.9969809135280552,0.9979365498114288,0.9973571979497678,0.9975965411973723,0.9980065106800494,0.9975054705892122,0.9979241253868044,1.0,0.9974814773411452
4,11,1.6318888839642713,0.5828,5000,1.9985245245474357,0.5522208883553421,833,1.9991512648975507,0.5449,0.9987387936252592,0.08328763755652595,,,0.97,,0.9700176878243976,0.029982312175602432,0.9952376111428307,0.09988701491604096,5,0.001,0.1,0.9968603618470734,0.9976038590953503,0.997182155193043,0.9971983263485116,0.9972576665946876,0.9974126811606527,0.9976888816443932,0.9974712842653098,0.9974348758333181,0.9977381067083009,0.9974814773411452,1.0
5,0,1.508932457228375,0.57588,5000,1.896042823791504,0.5479616306954437,834,1.895539180920147,0.5671,0.9986263017945988,0.08329320820481677,,,0.97,,0.9700176878243976,0.029982312175602432,0.9966819544905294,0.09987810409174787,5,0.001,0.1,1.0,0.997592253577415,0.9969954473542406,0.9971313927566603,0.997195375819024,0.9977282028146218,0.9969981213022713,0.9973881724284774,0.9968920825843189,0.9971578552268066,0.9970911118220609,0.9967422954515667
5,1,1.496888935034442,0.59252,5000,1.9032374620437622,0.5491606714628298,834,1.895539180920147,0.5671,0.9990963248279409,0.08336285741538084,,,0.97,,0.9700176878243976,0.029982312175602432,0.9966819544905294,0.09987810409174787,5,0.001,0.1,0.997592253577415,1.0,0.9974196679241399,0.9971609530201903,0.9978651056939071,0.9978119419602056,0.9978180706009272,0.9978639868661324,0.9976524252955422,0.9978955662868452,0.9978750194946184,0.9975879517869491
5,2,1.5049878926034186,0.58548,5000,1.870522485838996,0.6019184652278178,834,1.895539180920147,0.5671,0.998708528587537,0.08332619540661788,,,0.97,,0.9700176878243976,0.029982312175602432,0.9966819544905294,0.09987810409174787,5,0.001,0.1,0.9969954473542406,0.9974196679241399,1.0,0.9969917427694872,0.9971718827321173,0.9967244565366595,0.9977265938314801,0.9973028774302849,0.9972595000795788,0.9974683408693323,0.9977339511516882,0.9971019006068762
5,3,1.4968996721468153,0.58272,5000,1.8952219795297693,0.5563549160671463,834,1.895539180920147,0.5671,0.998512032273043,0.08330811123141449,,,0.97,,0.9700176878243976,0.029982312175602432,0.9966819544905294,0.09987810409174787,5,0.001,0.1,0.9971313927566603,0.9971609530201903,0.9969917427694872,1.0,0.9967375453211637,0.9977509842688219,0.9968703760538471,0.9970516159281074,0.996864504966082,0.9971303892970779,0.9967796106306358,0.9970732004445038
5,4,1.505818390162887,0.57492,5000,1.8848561180962458,0.553421368547419,833,1.895539180920147,0.5671,0.9987709639363694,0.08335536161173122,,,0.97,,0.9700176878243976,0.029982312175602432,0.9966819544905294,0.09987810409174787,5,0.001,0.1,0.997195375819024,0.9978651056939071,0.9971718827321173,0.9967375453211637,1.0,0.9972542645480026,0.9973785722783977,0.9979017373242519,0.9971562955465232,0.997394730268627,0.9975229436011689,0.9970643983244544
5,5,1.4815599805989843,0.59816,5000,1.8912808939262673,0.5834333733493398,833,1.895539180920147,0.5671,0.9988687275086487,0.08334776754539733,,,0.97,,0.9700176878243976,0.029982312175602432,0.9966819544905294,0.09987810409174787,5,0.001,0.1,0.9977282028146218,0.9978119419602056,0.9967244565366595,0.9977509842688219,0.9972542645480026,1.0,0.9973325361153703,0.9978862911376324,0.9968152093835692,0.9975893265135508,0.9974157748648402,0.9975070119081433
5,6,1.5023224998431601,0.60012,5000,1.890439784085309,0.5774309723889556,833,1.895539180920147,0.5671,0.9987904200651295,0.0833403969243902,,,0.97,,0.9700176878243976,0.029982312175602432,0.9966819544905294,0.09987810409174787,5,0.001,0.1,0.9969981213022713,0.9978180706009272,0.9977265938314801,0.9968703760538471,0.9973785722783977,0.9973325361153703,1.0,0.9975737195039505,0.9968784623779813,0.9972453775431059,0.9974820646507467,0.9975732963472964
5,7,1.488954479451392,0.59996,5000,1.882352594976072,0.5798319327731093,833,1.895539180920147,0.5671,0.9989489276811329,0.08334896975800428,,,0.97,,0.9700176878243976,0.029982312175602432,0.9966819544905294,0.09987810409174787,5,0.001,0.1,0.9973881724284774,0.9978639868661324,0.9973028774302849,0.9970516159281074,0.9979017373242519,0.9978862911376324,0.9975737195039505,1.0,0.9974582190075693,0.9972272435762504,0.9978595316743579,0.9972631943200013
5,8,1.500460156817345,0.5942,5000,1.915115440333331,0.5462184873949579,833,1.895539180920147,0.5671,0.9986121820975192,0.0833268190120723,,,0.97,,0.9700176878243976,0.029982312175602432,0.9966819544905294,0.09987810409174787,5,0.001,0.1,0.9968920825843189,0.9976524252955422,0.9972595000795788,0.996864504966082,0.9971562955465232,0.9968152093835692,0.9968784623779813,0.9974582190075693,1.0,0.9972041415846964,0.9975127680429737,0.9970477218435816
5,9,1.494519871966854,0.60396,5000,1.8964049639525238,0.5846338535414166,833,1.895539180920147,0.5671,0.9988389699404389,0.08335397211417318,,,0.97,,0.9700176878243976,0.029982312175602432,0.9966819544905294,0.09987810409174787,5,0.001,0.1,0.9971578552268066,0.9978955662868452,0.9974683408693323,0.9971303892970779,0.997394730268627,0.9975893265135508,0.9972453775431059,0.9972272435762504,0.9972041415846964,1.0,0.9975273631231069,0.9976182762840997
5,10,1.498592008299129,0.58568,5000,1.905740084471526,0.5414165666266506,833,1.895539180920147,0.5671,0.9988934286056266,0.08333339099411419,,,0.97,,0.9700176878243976,0.029982312175602432,0.9966819544905294,0.09987810409174787,5,0.001,0.1,0.9970911118220609,0.9978750194946184,0.9977339511516882,0.9967796106306358,0.9975229436011689,0.9974157748648402,0.9974820646507467,0.9978595316743579,0.9975127680429737,0.9975273631231069,1.0,0.9973117974622171
5,11,1.4866202589053257,0.60624,5000,1.891930862709328,0.5834333733493398,833,1.895539180920147,0.5671,0.9987080086975012,0.08330294978188732,,,0.97,,0.9700176878243976,0.029982312175602432,0.9966819544905294,0.09987810409174787,5,0.001,0.1,0.9967422954515667,0.9975879517869491,0.9971019006068762,0.9970732004445038,0.9970643983244544,0.9975070119081433,0.9975732963472964,0.9972631943200013,0.9970477218435816,0.9976182762840997,0.9973117974622171,1.0
6,0,1.3902623257819255,0.59416,5000,1.7806138153429385,0.5587529976019184,834,1.779905110121535,0.576,0.9984645388824525,0.08330646250843123,,,0.97,,0.9700176878243976,0.029982312175602432,0.9977563887965433,0.09985346300773586,5,0.001,0.1,1.0,0.9970248753275532,0.9968638931013405,0.9968426693907997,0.9964742126782804,0.996856884224485,0.9967568530442072,0.9968856781871244,0.9966816333022837,0.996949664486283,0.9964163989846615,0.9962664248010994
6,1,1.3780400862359696,0.61216,5000,1.7880904497923675,0.5575539568345323,834,1.779905110121535,0.576,0.9988333494003481,0.08336107882714926,,,0.97,,0.9700176878243976,0.029982312175602432,0.9977563887965433,0.09985346300773586,5,0.001,0.1,0.9970248753275532,1.0,0.99727871392736,0.9967826540331824,0.9969500831578872,0.9968991469844104,0.9972904398247183,0.9971905694825561,0.997063493268061,0.99740558041243,0.9974890590857256,0.9970613144945936
6,2,1.3852157751466059,0.60736,5000,1.7500686866265756,0.617505995203837,834,1.779905110121535,0.576,0.9986829607325916,0.08333374181029442,,,0.97,,0.9700176878243976,0.029982312175602432,0.9977563887965433,0.09985346300773586,5,0.001,0.1,0.9968638931013405,0.99727871392736,1.0,0.996660741861711,0.9966166253216062,0.9962823146366856,0.9974502209514929,0.997046260052122,0.9970233278248195,0.9969539909684709,0.9975140591449067,0.9969451191741275
6,3,1.3797281401172565,0.60232,5000,1.7804989417394002,0.564748201438849,834,1.779905110121535,0.576,0.9983346730895518,0.08331141020881055,,,0.97,,0.9700176878243976,0.029982312175602432,0.9977563887965433,0.09985346300773586,5,0.001,0.1,0.9968426693907997,0.9967826540331824,0.996660741861711,1.0,0.9958884905816423,0.9972057616498214,0.9966126588505939,0.996575237386389,0.9963402336775868,0.9967970290605571,0.9961705148363523,0.9965868869393274
6,4,1.3891750261282465,0.59848,5000,1.7664459987922951,0.5570228091236494,833,1.779905110121535,0.576,0.9983218392328486,0.08333997232492166,,,0.97,,0.9700176878243976,0.029982312175602432,0.9977563887965433,0.09985346300773586,5,0.001,0.1,0.9964742126782804,0.9969500831578872,0.9966166253216062,0.9958884905816423,1.0,0.9968242385852744,0.9968489984137036,0.9968983070935207,0.9963024136033446,0.9966391641488466,0.9965689764277089,0.9962949306768445
6,5,1.3643687018163644,0.61608,5000,1.77503353578073,0.5894357743097239,833,1.779905110121535,0.576,0.9984897754831622,0.08334073562852606,,,0.97,,0.9700176878243976,0.029982312175602432,0.9977563887965433,0.09985346300773586,5,0.001,0.1,0.996856884224485,0.9968991469844104,0.9962823146366856,0.9972057616498214,0.9968242385852744,1.0,0.9967260770650188,0.9969625719555737,0.9958697553430178,0.9970267213635993,0.996785808258425,0.9968803856801494
6,6,1.383300680643434,0.61832,5000,1.774024106838085,0.5918367346938775,833,1.779905110121535,0.576,0.9986165468922333,0.083340307308476,,,0.97,,0.9700176878243976,0.029982312175602432,0.9977563887965433,0.09985346300773586,5,0.001,0.1,0.9967568530442072,0.9972904398247183,0.9974502209514929,0.9966126588505939,0.9968489984137036,0.9967260770650188,1.0,0.997054450618975,0.9963385368518316,0.9968451296751663,0.9969406801723318,0.9969747638444362
6,7,1.3689161054647652,0.621,5000,1.7620578827681366,0.5906362545018007,833,1.779905110121535,0.576,0.9985963059381506,0.08334491130332257,,,0.97,,0.9700176878243976,0.029982312175602432,0.9977563887965433,0.09985346300773586,5,0.001,0.1,0.9968856781871244,0.9971905694825561,0.997046260052122,0.996575237386389,0.9968983070935207,0.9969625719555737,0.997054450618975,1.0,0.9970124277507806,0.9965107121379355,0.9971129895184008,0.9963466701058159
6,8,1.381611419027778,0.61372,5000,1.8053160199412592,0.5570228091236494,833,1.779905110121535,0.576,0.9983570907573207,0.08332360633637059,,,0.97,,0.9700176878243976,0.029982312175602432,0.9977563887965433,0.09985346300773586,5,0.001,0.1,0.9966816333022837,0.997063493268061,0.9970233278248195,0.9963402336775868,0.9963024136033446,0.9958697553430178,0.9963385368518316,0.9970124277507806,1.0,0.9967562822293817,0.9968967152348504,0.9964457310433479
6,9,1.3749443235670684,0.6192,5000,1.7817765871683757,0.5894357743097239,833,1.779905110121535,0.576,0.9986316993416609,0.0833491213742808,,,0.97,,0.9700176878243976,0.029982312175602432,0.9977563887965433,0.09985346300773586,5,0.001,0.1,0.996949664486283,0.99740558041243,0.9969539909684709,0.9967970290605571,0.9966391641488466,0.9970267213635993,0.9968451296751663,0.9965107121379355,0.9967562822293817,1.0,0.9969433367119311,0.9971925300155523
6,10,1.3799737750344976,0.60452,5000,1.7913542765158195,0.5450180072028812,833,1.779905110121535,0.576,0.9986207099057693,0.08333614528118878,,,0.97,,0.9700176878243976,0.029982312175602432,0.9977563887965433,0.09985346300773586,5,0.001,0.1,0.9964163989846615,0.9974890590857256,0.9975140591449067,0.9961705148363523,0.9965689764277089,0.996785808258425,0.9969406801723318,0.9971129895184008,0.9968967152348504,0.9969433367119311,1.0,0.9970501475644655
6,11,1.3668494054466296,0.6234,5000,1.7727659675810072,0.5930372148859544,833,1.779905110121535,0.576,0.998466724605218,0.08331250708822806,,,0.97,,0.9700176878243976,0.029982312175602432,0.9977563887965433,0.09985346300773586,5,0.001,0.1,0.9962664248010994,0.9970613144945936,0.9969451191741275,0.9965868869393274,0.9962949306768445,0.9968803856801494,0.9969747638444362,0.9963466701058159,0.9964457310433479,0.9971925300155523,0.9970501475644655,1.0
7,0,1.2917573325193612,0.61128,5000,1.6572978010884039,0.5851318944844125,834,1.6565205849016817,0.5953,0.9981495026381039,0.08331210909714001,,,0.97,,0.9700176878243976,0.029982312175602432,0.99813107173233,0.09982964057159058,5,0.001,0.1,1.0,0.9964350205553097,0.9962408248582874,0.9960281484824384,0.9962332807789451,0.9966351612657036,0.9959863888837814,0.9962899850820666,0.9959303829691237,0.9962532795223106,0.9957664480992614,0.9955917780742624
7,1,1.277034672202578,0.62828,5000,1.665033565627204,0.5851318944844125,834,1.6565205849016817,0.5953,0.9983891062878104,0.0833533399538878,,,0.97,,0.9700176878243976,0.029982312175602432,0.99813107173233,0.09982964057159058,5,0.001,0.1,0.9964350205553097,1.0,0.9968177949707577,0.9957267365525327,0.996585166309714,0.9962364588661028,0.9965924300839216,0.9964011891982035,0.9963865283398426,0.9965139530726822,0.9966677041963931,0.995895633935549
