round,client_id,client_i_training_loss,client_i_training_accuracy,client_i_training_dataset_size,client_i_evaluation_loss,client_i_evaluation_accuracy,client_i_evaluation_dataset_size,client_i_central_evaluation_loss,client_i_central_evaluation_accuracy,client_i_cosine_similarity,client_i_importance_coefficient,client_i_tanh_val,tanh_normalization_value,client_i_q,client_i_mask_order,client_i_v_nonzero_fraction,client_i_v_sparsity,client_i_v_cosine_similarity,client_i_reward_gradient_norm,local_epochs,learning_rate,gamma,client_0_cosine_similarity,client_1_cosine_similarity,client_2_cosine_similarity,client_3_cosine_similarity,client_4_cosine_similarity,client_5_cosine_similarity,client_6_cosine_similarity,client_7_cosine_similarity,client_8_cosine_similarity,client_9_cosine_similarity,client_10_cosine_similarity,client_11_cosine_similarity
0,0,0.3402823720447672,0.89412,5000,2.1733761628468833,0.40167865707434053,834,2.1687964029586353,0.4381,0.788964969129917,0.08320646276320585,,,0.7867375631712445,,0.7867526730585814,0.21324732694141857,0,0.3948650704154084,5,0.1,0.5,1.0,0.5689392280156048,0.5982586669791498,0.5901390134628514,0.5810778384266119,0.5945792253805362,0.6049973203519071,0.5762904978254136,0.5922391799159424,0.5931295150728714,0.5917360909754531,0.5895914861872962
0,1,0.3462890176138111,0.88824,5000,2.167753299077352,0.44244604316546765,834,2.169285464210632,0.4368,0.7843455971526445,0.08271929081330269,,,0.65,,0.650002509914161,0.349997490085839,0,0.3938912684385353,5,0.1,0.5,0.5689392280156048,1.0,0.6017934706674495,0.5773599957416894,0.5934177743407694,0.5957644175210149,0.5858790573568543,0.5895313382732397,0.5829936978494149,0.5887178811600045,0.5761579191065116,0.5766223269735279
0,2,0.34671558692315774,0.89224,5000,2.1722725938867637,0.44244604316546765,834,2.168692170621488,0.438,0.7928340724531918,0.08361450927248257,,,0.9012664997204873,,0.9012850760503991,0.09871492394960091,0,0.3950658362819539,5,0.1,0.5,0.5982586669791498,0.6017934706674495,1.0,0.593879841990895,0.5848630838556313,0.5972144371145515,0.5853839994434809,0.6021394940876573,0.5888442133505296,0.5949028351929992,0.5885943731194793,0.5817905448147924
0,3,0.3349110624643197,0.89344,5000,2.174396108697962,0.4136690647482014,834,2.16871421938887,0.4385,0.7921394454916098,0.08354125196110036,,,0.8807049172137956,,0.8807238592440139,0.11927614075598614,0,0.395050762458792,5,0.1,0.5,0.5901390134628514,0.5773599957416894,0.593879841990895,1.0,0.5968103167672244,0.6012817967550322,0.5974956831363332,0.5833811220171207,0.5930136981698064,0.5947473863354651,0.5921520353181106,0.5908176048196645
0,4,0.34980882121795775,0.88644,5000,2.1659581308011657,0.45018007202881155,833,2.1687202644043455,0.4383,0.791798754842986,0.08350532176790086,,,0.8706201677462854,,0.8706390241453742,0.1293609758546258,0,0.39504106414174756,5,0.1,0.5,0.5810778384266119,0.5934177743407694,0.5848630838556313,0.5968103167672244,1.0,0.5897359334785405,0.5900490345156371,0.5868032905130621,0.6043548279191369,0.594874052276556,0.5921440060558628,0.5937179053024559
0,5,0.3245247440205021,0.8992,5000,2.1730143847288907,0.4261704681872749,833,2.168703332114905,0.4378,0.7954939072135329,0.08389502292087264,,,0.9799999997193238,,0.9800010039656644,0.019998996034335637,0,0.3950838492196808,5,0.1,0.5,0.5945792253805362,0.5957644175210149,0.5972144371145515,0.6012817967550322,0.5897359334785405,1.0,0.597255171518802,0.5887530151987768,0.5927255396288102,0.6024698338075207,0.5894636773714375,0.5936425028786241
0,6,0.3464871071777336,0.89148,5000,2.1673559524394848,0.44537815126050423,833,2.168698109757786,0.4383,0.7924843899603308,0.08357763077412127,,,0.8909155835802183,,0.8909291702223784,0.10907082977762161,0,0.3950586549897413,5,0.1,0.5,0.6049973203519071,0.5858790573568543,0.5853839994434809,0.5974956831363332,0.5900490345156371,0.597255171518802,1.0,0.5838471975154041,0.59187204178242,0.5896092703507646,0.594361028479176,0.5935994610357037
0,7,0.3406253183414792,0.89396,5000,2.1599064579716436,0.45858343337334934,833,2.1688516254242236,0.4374,0.7878653393073163,0.0830904927119773,,,0.7541875318958619,,0.7541990863912454,0.24580091360875456,0,0.3947317497570894,5,0.1,0.5,0.5762904978254136,0.5895313382732397,0.6021394940876573,0.5833811220171207,0.5868032905130621,0.5887530151987768,0.5838471975154041,1.0,0.596761394480429,0.5934490209683231,0.5898153453957581,0.5797796362753497
0,8,0.3290202469914962,0.8962,5000,2.169450954154686,0.46938775510204084,833,2.1687221694678165,0.4386,0.7915723786089275,0.08348144749410333,,,0.8639192277143178,,0.8639275136790322,0.1360724863209678,0,0.3950332662346194,5,0.1,0.5,0.5922391799159424,0.5829936978494149,0.5888442133505296,0.5930136981698064,0.6043548279191369,0.5927255396288102,0.59187204178242,0.596761394480429,1.0,0.5884820461543898,0.5884601931297723,0.585954724854018
0,9,0.3636077668968659,0.88692,5000,2.1554027045214617,0.4597839135654262,833,2.1687149095078246,0.4385,0.7920331455206009,0.08353004126743772,,,0.8775583425122078,,0.8775764268862005,0.12242357311379948,0,0.39504801279452173,5,0.1,0.5,0.5931295150728714,0.5887178811600045,0.5949028351929992,0.5947473863354651,0.594874052276556,0.6024698338075207,0.5896092703507646,0.5934490209683231,0.5884820461543898,1.0,0.583510924128928,0.58617779111432
0,10,0.34890938173908337,0.89472,5000,2.1683020415129484,0.4237695078031212,833,2.168943224623561,0.4371,0.7870169838820162,0.08300102276480964,,,0.7290754486669375,,0.7290949249535665,0.27090507504643346,0,0.39459463178756793,5,0.1,0.5,0.5917360909754531,0.5761579191065116,0.5885943731194793,0.5921520353181106,0.5921440060558628,0.5894636773714375,0.594361028479176,0.5898153453957581,0.5884601931297723,0.583510924128928,1.0,0.5761116411672275
0,11,0.3383071553389168,0.89412,5000,2.169958511988322,0.4177671068427371,833,2.1691027076099627,0.4369,0.7854665105362563,0.08283750548868572,,,0.683180043814445,,0.6831936147783746,0.3168063852216254,0,0.3942468680009462,5,0.1,0.5,0.5895914861872962,0.5766223269735279,0.5817905448147924,0.5908176048196645,0.5937179053024559,0.5936425028786241,0.5935994610357037,0.5797796362753497,0.585954724854018,0.58617779111432,0.5761116411672275,1.0
1,0,0.2979252691267972,0.90944,5000,2.009367408575835,0.7110311750599521,834,2.0066561337096243,0.7441,0.8060811906803435,0.08310626050193065,,,0.98,,0.9800010039656644,0.019998996034335637,0.9603103209634275,0.4050991842047768,5,0.1,0.5,1.0,0.6232010371707952,0.6193186871114843,0.6263581875088172,0.6242005483337606,0.6236379930103821,0.624279919911291,0.6136608089414854,0.6152340830907859,0.6212585810053056,0.6181181753486746,0.6283351632775582
1,1,0.3038382652553783,0.90468,5000,2.0049775883003518,0.7673860911270983,834,2.0074012626093416,0.7428,0.8113832412005999,0.08296858995292257,,,0.98,,0.9800010039656644,0.019998996034335637,0.9577441413135177,0.4050991842047768,5,0.1,0.5,0.6232010371707952,1.0,0.6235076903167682,0.6206513433280249,0.627870775764625,0.6287687080254794,0.6308074530043549,0.6230797304581798,0.6362100874901776,0.631060858441562,0.6157157288882442,0.6303896153347347
1,2,0.30846090741503013,0.90564,5000,2.0084031467084533,0.7290167865707434,834,2.0065087757933253,0.7455,0.8118023730788362,0.0835753754481638,,,0.98,,0.9800010039656644,0.019998996034335637,0.960853248248571,0.4050991842047768,5,0.1,0.5,0.6193186871114843,0.6235076903167682,1.0,0.6333900244700971,0.6193239443483798,0.629067403191615,0.6260133131664373,0.6313707371703648,0.6353010997734319,0.623993802522098,0.6305947911754489,0.6194406217909566
1,3,0.29689139093414757,0.90864,5000,2.014408751770302,0.7362110311750599,834,2.0065367621735644,0.7454,0.8112908509541695,0.08350910602635965,,,0.98,,0.9800010039656644,0.019998996034335637,0.9608275532884446,0.4050991842047768,5,0.1,0.5,0.6263581875088172,0.6206513433280249,0.6333900244700971,1.0,0.6199956471024624,0.6348935650359645,0.6246265974251243,0.616206424806178,0.6407804276154209,0.625021317172721,0.621207689655641,0.6234229290404395
1,4,0.31121267804721736,0.90232,5000,2.0019989322732994,0.7262905162064826,833,2.0065494113075086,0.7453,0.8044069578154485,0.0832456673908118,,,0.98,,0.9800010039656644,0.019998996034335637,0.9608142304297117,0.4050991842047768,5,0.1,0.5,0.6242005483337606,0.627870775764625,0.6193239443483798,0.6199956471024624,1.0,0.6143334263188691,0.6260122377970037,0.6168365783382999,0.6292684628780602,0.6223029337692132,0.6102708417309342,0.6095089336280274
1,5,0.29213594469318915,0.91164,5000,2.014952853873924,0.7322929171668667,833,2.00653479883846,0.7454,0.8129851019577209,0.0838021151371366,,,0.98,,0.9800010039656644,0.019998996034335637,0.9608873694144352,0.4050991842047768,5,0.1,0.5,0.6236379930103821,0.6287687080254794,0.629067403191615,0.6348935650359645,0.6143334263188691,1.0,0.6295455148187606,0.6243149148319043,0.6351848517415366,0.6340089464556358,0.6203298529427184,0.6274917718794978
1,6,0.31059522016839997,0.9046,5000,2.004691000337954,0.7490996398559424,833,2.0065150348523173,0.7455,0.8122041628389124,0.08356496884496999,,,0.98,,0.9800010039656644,0.019998996034335637,0.9608436663945407,0.4050991842047768,5,0.1,0.5,0.624279919911291,0.6308074530043549,0.6260133131664373,0.6246265974251243,0.6260122377970037,0.6295455148187606,1.0,0.626472094378745,0.6325696112040305,0.626740197094519,0.6272998975450015,0.6210739701878116
1,7,0.29652093994626955,0.90944,5000,1.9970974480664287,0.7490996398559424,833,2.006750999548184,0.7441,0.8087188428358041,0.08312137840660563,,,0.98,,0.9800010039656644,0.019998996034335637,0.9600045967796358,0.4050991842047768,5,0.1,0.5,0.6136608089414854,0.6230797304581798,0.6313707371703648,0.616206424806178,0.6168365783382999,0.6243149148319043,0.626472094378745,1.0,0.6342656923471098,0.6279976169310513,0.6268114015555636,0.6227085249238734
1,8,0.29394482939747296,0.90804,5000,2.01119417614407,0.7707082833133253,833,2.006551667524222,0.7452,0.8174851794038227,0.08368520757041988,,,0.98,,0.9800010039656644,0.019998996034335637,0.960792892518106,0.4050991842047768,5,0.1,0.5,0.6152340830907859,0.6362100874901776,0.6353010997734319,0.6407804276154209,0.6292684628780602,0.6351848517415366,0.6325696112040305,0.6342656923471098,1.0,0.6305693339550438,0.6312972037303185,0.6264996876817509
1,9,0.32335076323550216,0.90136,5000,1.9890804599832606,0.7635054021608644,833,2.006539093800627,0.7454,0.8121856490087282,0.08353284349093333,,,0.98,,0.9800010039656644,0.019998996034335637,0.9608243159354233,0.4050991842047768,5,0.1,0.5,0.6212585810053056,0.631060858441562,0.623993802522098,0.625021317172721,0.6223029337692132,0.6340089464556358,0.626740197094519,0.6279976169310513,0.6305693339550438,1.0,0.6230675708080181,0.6294746010814412
1,10,0.3155463794649691,0.9038,5000,2.002818986221596,0.7539015606242497,833,2.0068853842183803,0.7436,0.806227799390208,0.08297546493098633,,,0.98,,0.9800010039656644,0.019998996034335637,0.9596547375547687,0.4050991842047768,5,0.1,0.5,0.6181181753486746,0.6157157288882442,0.6305947911754489,0.621207689655641,0.6102708417309342,0.6203298529427184,0.6272998975450015,0.6268114015555636,0.6312972037303185,0.6230675708080181,1.0,0.615145707952717
1,11,0.29878612249306624,0.90852,5000,2.009457897256922,0.7430972388955582,833,2.007141651817785,0.7442,0.8075411308416778,0.0829130222987598,,,0.98,,0.9800010039656644,0.019998996034335637,0.9586674556070786,0.4050991842047768,5,0.1,0.5,0.6283351632775582,0.6303896153347347,0.6194406217909566,0.6234229290404395,0.6095089336280274,0.6274917718794978,0.6210739701878116,0.6227085249238734,0.6264996876817509,0.6294746010814412,0.615145707952717,1.0
2,0,0.2701866887960654,0.919,5000,1.8083739633913394,0.8669064748201439,834,1.809116771045965,0.8653,0.8108044286873123,0.08321751113364134,,,0.98,,0.9800010039656644,0.019998996034335637,0.9679626250097164,0.4049096231627758,5,0.1,0.5,1.0,0.6236991754116021,0.6294429166054811,0.6279620702309164,0.6238401960480495,0.6173837290889004,0.6216983184715793,0.6271559749408246,0.6239995811636495,0.6282220381149655,0.6226418554641845,0.63430408793183
2,1,0.27234707855898294,0.9162,5000,1.8065569974758007,0.8729016786570744,834,1.8101006997659945,0.8652,0.8081913516325774,0.08303543526087494,,,0.98,,0.9800010039656644,0.019998996034335637,0.9679626250097164,0.4049096231627758,5,0.1,0.5,0.6236991754116021,1.0,0.6191562937237972,0.6250171389657967,0.6244833398013595,0.6187644158012879,0.6204970479934385,0.6254345979962485,0.6313883821366825,0.6274191676290629,0.6136828416610773,0.6259538239777773
2,2,0.2756489970332759,0.91548,5000,1.8086062713905617,0.8645083932853717,834,1.8089349117522804,0.8657,0.8128098673256265,0.08359771521376387,,,0.98,,0.9800010039656644,0.019998996034335637,0.9679626250097164,0.4049096231627758,5,0.1,0.5,0.6294429166054811,0.6191562937237972,1.0,0.6311049995494827,0.6299887743920475,0.6259270125614678,0.617580298731085,0.6299340882531886,0.6340109505666663,0.6246206939751147,0.6277842818868078,0.6281097321074867
2,3,0.2652153103120008,0.9176,5000,1.8197775637661968,0.8585131894484412,834,1.8089684800218089,0.8654,0.8128777882016367,0.08355623577003718,,,0.98,,0.9800010039656644,0.019998996034335637,0.9679626250097164,0.4049096231627758,5,0.1,0.5,0.6279620702309164,0.6250171389657967,0.6311049995494827,1.0,0.6251046775700344,0.6279781796807128,0.6173005866166069,0.6283248999966432,0.634192626076544,0.6325457243689993,0.6249973176191993,0.6240346001002153
2,4,0.27883144404240856,0.91552,5000,1.8036918684288308,0.8427370948379351,833,1.808986662294918,0.8654,0.8082629178109109,0.08322124470770041,,,0.98,,0.9800010039656644,0.019998996034335637,0.9679626250097164,0.4049096231627758,5,0.1,0.5,0.6238401960480495,0.6244833398013595,0.6299887743920475,0.6251046775700344,1.0,0.6210610258935657,0.6199127054569383,0.6246309141574408,0.6309628603279929,0.6323890946962093,0.6086728863458851,0.6137589516809467
2,5,0.2664148960321857,0.92056,5000,1.820765490885134,0.8619447779111644,833,1.808975193066338,0.8659,0.8056393170099907,0.0834980384704291,,,0.98,,0.9800010039656644,0.019998996034335637,0.9679626250097164,0.4049096231627758,5,0.1,0.5,0.6173837290889004,0.6187644158012879,0.6259270125614678,0.6279781796807128,0.6210610258935657,1.0,0.6134234934055436,0.623779283883438,0.6313964025039187,0.6213576770160374,0.6104424228310928,0.615284607481633
2,6,0.27142956124701695,0.91924,5000,1.8069103205645527,0.8751500600240096,833,1.8089417040157623,0.8654,0.8057491821982494,0.08334496563007987,,,0.98,,0.9800010039656644,0.019998996034335637,0.9679626250097164,0.4049096231627758,5,0.1,0.5,0.6216983184715793,0.6204970479934385,0.617580298731085,0.6173005866166069,0.6199127054569383,0.6134234934055436,1.0,0.6248740376524089,0.6255962013620797,0.6205725265211443,0.624754019958949,0.6229509403025487
2,7,0.2701245396356484,0.91888,5000,1.800586391378332,0.858343337334934,833,1.8092513092028828,0.8654,0.8119274720657293,0.08326661948596895,,,0.98,,0.9800010039656644,0.019998996034335637,0.9679626250097164,0.4049096231627758,5,0.1,0.5,0.6271559749408246,0.6254345979962485,0.6299340882531886,0.6283248999966432,0.6246309141574408,0.623779283883438,0.6248740376524089,1.0,0.6327288752201253,0.6278508126398928,0.628078849372246,0.6182714333118376
2,8,0.25880851194938753,0.91876,5000,1.8179052317584004,0.8763505402160864,833,1.8089892776629415,0.8654,0.8155983385889765,0.08376748039531548,,,0.98,,0.9800010039656644,0.019998996034335637,0.9679626250097164,0.4049096231627758,5,0.1,0.5,0.6239995811636495,0.6313883821366825,0.6340109505666663,0.634192626076544,0.6309628603279929,0.6313964025039187,0.6255962013620797,0.6327288752201253,1.0,0.6318704529298128,0.624875211138587,0.6231866465771942
2,9,0.29369999939326646,0.91068,5000,1.785722229215834,0.8727490996398559,833,1.8089721496112812,0.8654,0.8125442953700933,0.08356032797132436,,,0.98,,0.9800010039656644,0.019998996034335637,0.9679626250097164,0.4049096231627758,5,0.1,0.5,0.6282220381149655,0.6274191676290629,0.6246206939751147,0.6325457243689993,0.6323890946962093,0.6213576770160374,0.6205725265211443,0.6278508126398928,0.6318704529298128,1.0,0.621948575118507,0.6264943414538733
2,10,0.2889309397002884,0.91456,5000,1.8024085495207045,0.8679471788715486,833,1.809423404760635,0.865,0.8054523888756692,0.08294460871152082,,,0.98,,0.9800010039656644,0.019998996034335637,0.9679626250097164,0.4049096231627758,5,0.1,0.5,0.6226418554641845,0.6136828416610773,0.6277842818868078,0.6249973176191993,0.6086728863458851,0.6104424228310928,0.624754019958949,0.628078849372246,0.624875211138587,0.621948575118507,1.0,0.6209820286922316
2,11,0.27440443188189323,0.91604,5000,1.814585389914336,0.8691476590636255,833,1.8097662750524455,0.8653,0.8079370883839309,0.08298981724934373,,,0.98,,0.9800010039656644,0.019998996034335637,0.9679626250097164,0.4049096231627758,5,0.1,0.5,0.63430408793183,0.6259538239777773,0.6281097321074867,0.6240346001002153,0.6137589516809467,0.615284607481633,0.6229509403025487,0.6182714333118376,0.6231866465771942,0.6264943414538733,0.6209820286922316,1.0
3,0,0.24825153218190762,0.92516,5000,1.578462794974998,0.9112709832134293,834,1.583524807192647,0.909,0.8034109391330211,0.08317275771910311,,,0.98,,0.9800010039656644,0.019998996034335637,0.9699703401229514,0.40290827652789823,5,0.1,0.5,1.0,0.6158055726191316,0.6125289427699263,0.6207712252568712,0.6082348015155548,0.614922929502175,0.6228073882502615,0.6115472057894651,0.6063476747509233,0.6187676556290236,0.6152018756528035,0.6224749450594618
3,1,0.2468700364344771,0.924,5000,1.5805161794026692,0.919664268585132,834,1.584717530412034,0.9088,0.8076967623465069,0.08320158186713368,,,0.98,,0.9800010039656644,0.019998996034335637,0.9699703401229514,0.40290827652789823,5,0.1,0.5,0.6158055726191316,1.0,0.6152079693410757,0.627504270933102,0.6134092297995872,0.6154019616119144,0.6263673241296975,0.6209920937503741,0.6225513406194064,0.6193683372708352,0.6145557901419093,0.6204178551885526
3,2,0.2553632113347008,0.92212,5000,1.5799733223738495,0.9124700239808153,834,1.5833093769634112,0.9089,0.804188552356688,0.08345184929749407,,,0.98,,0.9800010039656644,0.019998996034335637,0.9699703401229514,0.40290827652789823,5,0.1,0.5,0.6125289427699263,0.6152079693410757,1.0,0.624166812148048,0.6081047847870418,0.6149408131631537,0.6217910103608199,0.6167669642962701,0.6142348449420502,0.6130861890665823,0.6165496986297273,0.6177377774372018
3,3,0.2405771675519645,0.92756,5000,1.596862550135012,0.9040767386091128,834,1.5833483862039,0.9088,0.8105356466970111,0.08364574640015897,,,0.98,,0.9800010039656644,0.019998996034335637,0.9699703401229514,0.40290827652789823,5,0.1,0.5,0.6207712252568712,0.627504270933102,0.624166812148048,1.0,0.6197679272531825,0.6214058273241754,0.620013632438608,0.6222362437941271,0.6210843183567448,0.6218975039513436,0.6168667394525718,0.6209816390069389
3,4,0.24878911521095948,0.9242,5000,1.5785344176822238,0.8967587034813925,833,1.5833713018094389,0.9088,0.8003196157173421,0.08306740683066344,,,0.98,,0.9800010039656644,0.019998996034335637,0.9699703401229514,0.40290827652789823,5,0.1,0.5,0.6082348015155548,0.6134092297995872,0.6081047847870418,0.6197679272531825,1.0,0.6024745149732714,0.6208513237669089,0.6183191851002522,0.6136446081506702,0.6208778069522467,0.6097535801170216,0.603955351102144
3,5,0.2404546272857886,0.92668,5000,1.5976918626714636,0.9039615846338536,833,1.5833621851552409,0.9089,0.8022520019567971,0.08331824484870162,,,0.98,,0.9800010039656644,0.019998996034335637,0.9699703401229514,0.40290827652789823,5,0.1,0.5,0.614922929502175,0.6154019616119144,0.6149408131631537,0.6214058273241754,0.6024745149732714,1.0,0.6207014043197078,0.615701391495265,0.6192411488139267,0.6150406406395962,0.603826405171374,0.6130864760140258
3,6,0.2520868642137024,0.92528,5000,1.580965236381248,0.9003601440576231,833,1.5833173647475318,0.9088,0.8125368543009852,0.08357553567959745,,,0.98,,0.9800010039656644,0.019998996034335637,0.9699703401229514,0.40290827652789823,5,0.1,0.5,0.6228073882502615,0.6263673241296975,0.6217910103608199,0.620013632438608,0.6208513237669089,0.6207014043197078,1.0,0.6262668180840306,0.6263922912743339,0.6274141119423047,0.6202518849520275,0.624152147257314
3,7,0.24272957568762787,0.9288,5000,1.5757182792381004,0.9087635054021609,833,1.5837003742924893,0.9091,0.8078209977888786,0.0833591253725943,,,0.98,,0.9800010039656644,0.019998996034335637,0.9699703401229514,0.40290827652789823,5,0.1,0.5,0.6115472057894651,0.6209920937503741,0.6167669642962701,0.6222362437941271,0.6183191851002522,0.615701391495265,0.6262668180840306,1.0,0.6192144474659652,0.6273596302164046,0.6179828990960782,0.6153446939677703
3,8,0.23718401765937258,0.92768,5000,1.597714455039413,0.9195678271308524,833,1.5833732643828224,0.9089,0.805958284186624,0.08362608406336813,,,0.98,,0.9800010039656644,0.019998996034335637,0.9699703401229514,0.40290827652789823,5,0.1,0.5,0.6063476747509233,0.6225513406194064,0.6142348449420502,0.6210843183567448,0.6136446081506702,0.6192411488139267,0.6263922912743339,0.6192144474659652,1.0,0.6231571783342492,0.610304969894661,0.6152293251717792
3,9,0.2749649790477506,0.91696,5000,1.5548950301276312,0.9003601440576231,833,1.5833530970655691,0.9088,0.8085556796011548,0.08357939723106193,,,0.98,,0.9800010039656644,0.019998996034335637,0.9699703401229514,0.40290827652789823,5,0.1,0.5,0.6187676556290236,0.6193683372708352,0.6130861890665823,0.6218975039513436,0.6208778069522467,0.6150406406395962,0.6274141119423047,0.6273596302164046,0.6231571783342492,1.0,0.6053940634878345,0.6251418333222971
3,10,0.2575716636564796,0.92312,5000,1.5734534351914018,0.921968787515006,833,1.5839066292150332,0.9088,0.8007572818595399,0.08289934067052998,,,0.98,,0.9800010039656644,0.019998996034335637,0.9699703401229514,0.40290827652789823,5,0.1,0.5,0.6152018756528035,0.6145557901419093,0.6165496986297273,0.6168667394525718,0.6097535801170216,0.603826405171374,0.6202518849520275,0.6179828990960782,0.610304969894661,0.6053940634878345,1.0,0.6143270295788156
3,11,0.24675910439888005,0.92412,5000,1.5919467166618064,0.907563025210084,833,1.5843212581671084,0.9089,0.8057351790040724,0.08310293001959324,,,0.98,,0.9800010039656644,0.019998996034335637,0.9699703401229514,0.40290827652789823,5,0.1,0.5,0.6224749450594618,0.6204178551885526,0.6177377774372018,0.6209816390069389,0.603955351102144,0.6130864760140258,0.624152147257314,0.6153446939677703,0.6152293251717792,0.6251418333222971,0.6143270295788156,1.0
4,0,0.2313998449172611,0.93048,5000,1.3323127340387415,0.935251798561151,834,1.3412179901196173,0.927,0.7938195089328789,0.08312458198303639,,,0.98,,0.9800010039656644,0.019998996034335637,0.9704457785984864,0.39836834791263365,5,0.1,0.5,1.0,0.598770513890786,0.6070188837279654,0.5990856251780164,0.5940437978598582,0.5955467763591361,0.5979262106638226,0.5980402669226333,0.5948648168679727,0.6034360695113338,0.5953189378299151,0.6062833663715173
4,1,0.22824785128401912,0.93,5000,1.3368145492341783,0.934052757793765,834,1.3425425946141203,0.9269,0.8041663703000574,0.08350603251543086,,,0.98,,0.9800010039656644,0.019998996034335637,0.9704457785984864,0.39836834791263365,5,0.1,0.5,0.598770513890786,1.0,0.6146970750595276,0.6096173823121971,0.6059615553644507,0.6039449305582448,0.6126509343650751,0.6073545880607983,0.6112611127849356,0.61712221175246,0.6014043537307646,0.6062135472388095
4,2,0.22893379833134023,0.92868,5000,1.3348372644848294,0.9268585131894485,834,1.3409828393223187,0.927,0.8039471691810814,0.08366484757423144,,,0.98,,0.9800010039656644,0.019998996034335637,0.9704457785984864,0.39836834791263365,5,0.1,0.5,0.6070188837279654,0.6146970750595276,1.0,0.6119269789481652,0.6093556523923921,0.6057861967692872,0.6034859078815504,0.6120209825260489,0.607521259182345,0.5990026197375169,0.6064864659982809,0.608586525734066
4,3,0.22176839032085838,0.93164,5000,1.3565719745777272,0.9172661870503597,834,1.3410242274165534,0.927,0.7975114132120094,0.08356850174021027,,,0.98,,0.9800010039656644,0.019998996034335637,0.9704457785984864,0.39836834791263365,5,0.1,0.5,0.5990856251780164,0.6096173823121971,0.6119269789481652,1.0,0.6052749732906662,0.6014695166424667,0.6012335373573996,0.6005525782710393,0.6093708619274364,0.5925256983616377,0.5968779102111491,0.5954184363466948
4,4,0.23683252793968104,0.93076,5000,1.3363754087024264,0.9207683073229291,833,1.3410506381775245,0.927,0.7934897198688284,0.08304295056682225,,,0.98,,0.9800010039656644,0.019998996034335637,0.9704457785984864,0.39836834791263365,5,0.1,0.5,0.5940437978598582,0.6059615553644507,0.6093556523923921,0.6052749732906662,1.0,0.5934891434449104,0.6005895041791974,0.5981262811350677,0.603690033134869,0.6067675625440165,0.5794630928700675,0.5907441472101943
4,5,0.2207336896810989,0.93284,5000,1.3560616572697957,0.9243697478991597,833,1.3410442138251406,0.927,0.7929843080913347,0.08319212409595109,,,0.98,,0.9800010039656644,0.019998996034335637,0.9704457785984864,0.39836834791263365,5,0.1,0.5,0.5955467763591361,0.6039449305582448,0.6057861967692872,0.6014695166424667,0.5934891434449104,1.0,0.5993004883364332,0.6012345511256336,0.5988117266972189,0.6041902329379202,0.5833214975202862,0.5944317657359541
4,6,0.2253357176579962,0.93292,5000,1.3390328839973167,0.9207683073229291,833,1.3409910426733973,0.927,0.7982069151467465,0.08354614583736038,,,0.98,,0.9800010039656644,0.019998996034335637,0.9704457785984864,0.39836834791263365,5,0.1,0.5,0.5979262106638226,0.6126509343650751,0.6034859078815504,0.6012335373573996,0.6005895041791974,0.5993004883364332,1.0,0.6032657920542137,0.5979643499708196,0.601276867405836,0.6051561679826549,0.6075786268981314
4,7,0.22470642367888027,0.93464,5000,1.3346678460085835,0.9243697478991597,833,1.3414257574386108,0.9269,0.7969036194475341,0.08335654689092971,,,0.98,,0.9800010039656644,0.019998996034335637,0.9704457785984864,0.39836834791263365,5,0.1,0.5,0.5980402669226333,0.6073545880607983,0.6120209825260489,0.6005525782710393,0.5981262811350677,0.6012345511256336,0.6032657920542137,1.0,0.602583621541951,0.6007711732782286,0.5941785530468768,0.6007536835005439
4,8,0.2212764651354426,0.9346,5000,1.3613628723003246,0.9339735894357744,833,1.3410522697832639,0.927,0.7980316179013945,0.08357363536582155,,,0.98,,0.9800010039656644,0.019998996034335637,0.9704457785984864,0.39836834791263365,5,0.1,0.5,0.5948648168679727,0.6112611127849356,0.607521259182345,0.6093708619274364,0.603690033134869,0.5988117266972189,0.5979643499708196,0.602583621541951,1.0,0.6072617150275366,0.5939749414080021,0.6010759006456542
4,9,0.24985936176577572,0.92372,5000,1.3093536562389798,0.9255702280912365,833,1.341029515281653,0.927,0.7978147858027567,0.08353498507776305,,,0.98,,0.9800010039656644,0.019998996034335637,0.9704457785984864,0.39836834791263365,5,0.1,0.5,0.6034360695113338,0.61712221175246,0.5990026197375169,0.5925256983616377,0.6067675625440165,0.6041902329379202,0.601276867405836,0.6007711732782286,0.6072617150275366,1.0,0.5912325402076684,0.6030344837617947
4,10,0.23853712757325665,0.92872,5000,1.3275808934812192,0.9423769507803121,833,1.3416548525563443,0.9269,0.7884057593190389,0.0827531398174509,,,0.98,,0.9800010039656644,0.019998996034335637,0.9704457785984864,0.39836834791263365,5,0.1,0.5,0.5953189378299151,0.6014043537307646,0.6064864659982809,0.5968779102111491,0.5794630928700675,0.5833214975202862,0.6051561679826549,0.5941785530468768,0.5939749414080021,0.5912325402076684,1.0,0.5924340741249333
4,11,0.22690312808533764,0.9306,5000,1.3518305972770408,0.9195678271308524,833,1.342106171690237,0.9267,0.7954868667076579,0.08313650853499216,,,0.98,,0.9800010039656644,0.019998996034335637,0.9704457785984864,0.39836834791263365,5,0.1,0.5,0.6062833663715173,0.6062135472388095,0.608586525734066,0.5954184363466948,0.5907441472101943,0.5944317657359541,0.6075786268981314,0.6007536835005439,0.6010759006456542,0.6030344837617947,0.5924340741249333,1.0
5,0,0.2070709119266148,0.93744,5000,1.086742259837963,0.9400479616306955,834,1.099685376825424,0.937,0.7816556203084817,0.08311314255130733,,,0.7734149934951084,,0.7734250288640129,0.22657497113598712,0.9682919147291573,0.39160371168354424,5,0.1,0.5,1.0,0.5733601969637258,0.579259757806778,0.5774600517412827,0.5784541447190613,0.5693636564598704,0.5766236892631355,0.5725051176511416,0.5757115362764894,0.5848137217337673,0.579212366860876,0.5876744746285757
5,1,0.2138404475115714,0.93492,5000,1.0928252582196836,0.9424460431654677,834,1.1007250724509121,0.9372,0.785125999720538,0.08349043737533227,,,0.8914612344023376,,0.8914763315094624,0.10852366849053763,0.9691321089685909,0.3919428453546497,5,0.1,0.5,0.5733601969637258,1.0,0.5782129457514625,0.5755690872803494,0.5828367937112249,0.5781320455124639,0.5918572103728432,0.5807349538404267,0.58909258355591,0.5944904606820952,0.5661757855002638,0.5744855945639796
5,2,0.21040204587350986,0.936,5000,1.0886175102657742,0.9424460431654677,834,1.0991151409027295,0.9371,0.784544245080601,0.08357618043039688,,,0.9182881206720814,,0.9183022940615431,0.08169770593845693,0.969181536272391,0.3919631719322559,5,0.1,0.5,0.579259757806778,0.5782129457514625,1.0,0.5809820050030022,0.5810038745474333,0.5797808193424061,0.5810590692846129,0.5765676343202932,0.5885071767149532,0.5814982587414252,0.5747969431710228,0.5771265558065037
5,3,0.20568185441676456,0.9376,5000,1.1162645949257746,0.9304556354916067,834,1.0992622339306548,0.9372,0.7798799048861751,0.08334754541040003,,,0.8467538643511026,,0.8467747603031976,0.15322523969680235,0.968938492839735,0.3918723102480105,5,0.1,0.5,0.5774600517412827,0.5755690872803494,0.5809820050030022,1.0,0.5832891852315492,0.5799643972614685,0.5746253950525181,0.5659764592986047,0.5853599905563599,0.5700464222828149,0.5705412282511463,0.5716086410597253
5,4,0.214646048600649,0.9354,5000,1.0953777432441711,0.929171668667467,833,1.0993110488017146,0.9369,0.7872008304890594,0.08325374756124376,,,0.8174068317574383,,0.8174238241052156,0.18257617589478436,0.9687683765121444,0.39179182471687446,5,0.1,0.5,0.5784541447190613,0.5828367937112249,0.5810038745474333,0.5832891852315492,1.0,0.5845277160628087,0.5895093280744819,0.5773343911500873,0.592801887024669,0.5909290749087979,0.5751043507559876,0.5710434975589621
5,5,0.2020609567825724,0.938,5000,1.115011316758615,0.9387755102040817,833,1.0994117157146954,0.9368,0.7817830569475053,0.08316280355988538,,,0.7889526977226989,,0.7889613975202048,0.21103860247979522,0.9684785459961652,0.39168068534088046,5,0.1,0.5,0.5693636564598704,0.5781320455124639,0.5797808193424061,0.5799643972614685,0.5845277160628087,1.0,0.5790918426075929,0.5776254278820098,0.5815016953633853,0.5826851335984358,0.5665874231568424,0.5758955239058279
5,6,0.21160375390284855,0.93776,5000,1.0968497770803947,0.9315726290516206,833,1.099123406143615,0.9372,0.7883310657440498,0.0836300921329946,,,0.9351557621750265,,0.9351789568796747,0.06482104312032533,0.9692073404553488,0.39196990095452694,5,0.1,0.5,0.5766236892631355,0.5918572103728432,0.5810590692846129,0.5746253950525181,0.5895093280744819,0.5790918426075929,1.0,0.5814499348405927,0.5915536864901303,0.5882630135723533,0.5840079056306317,0.5770238283080689
5,7,0.20462230994087305,0.93976,5000,1.0946952722690724,0.9303721488595438,833,1.099759909482048,0.937,0.7797898398192474,0.08320261074611736,,,0.8014073840755347,,0.8014256312434115,0.19857436875658852,0.9686376795570181,0.3917343308716324,5,0.1,0.5,0.5725051176511416,0.5807349538404267,0.5765676343202932,0.5659764592986047,0.5773343911500873,0.5776254278820098,0.5814499348405927,1.0,0.5841180798489292,0.5788558721663388,0.5674931638190871,0.5729349347549318
5,8,0.2034880624811171,0.93664,5000,1.1252873495773033,0.943577430972389,833,1.0991931058728277,0.9372,0.7918803710680473,0.08377342154840527,,,0.9799999996871247,,0.9800010039656644,0.019998996034335637,0.9692253027655651,0.39197565432396875,5,0.1,0.5,0.5757115362764894,0.58909258355591,0.5885071767149532,0.5853599905563599,0.592801887024669,0.5815016953633853,0.5915536864901303,0.5841180798489292,1.0,0.5891937711560334,0.5827175014901755,0.5877344823282515
5,9,0.22889757524125848,0.93064,5000,1.0663476608417652,0.936374549819928,833,1.099160535266986,0.9372,0.7884698288405231,0.08362751211828182,,,0.9343485392317563,,0.9343557050348879,0.06564429496511215,0.969206807804513,0.3919696421204944,5,0.1,0.5,0.5848137217337673,0.5944904606820952,0.5814982587414252,0.5700464222828149,0.5909290749087979,0.5826851335984358,0.5882630135723533,0.5788558721663388,0.5891937711560334,1.0,0.5760541147741554,0.5795910929059382
5,10,0.22045519411901998,0.93508,5000,1.0844026826046131,0.9483793517406963,833,1.1012440862747046,0.9375,0.7775076291701262,0.08271868832815787,,,0.65,,0.650002509914161,0.349997490085839,0.9652006071168441,0.3903619028490543,5,0.1,0.5,0.579212366860876,0.5661757855002638,0.5747969431710228,0.5705412282511463,0.5751043507559876,0.5665874231568424,0.5840079056306317,0.5674931638190871,0.5827175014901755,0.5760541147741554,1.0,0.5745900714218212
5,11,0.21582696069814977,0.93512,5000,1.1109990786623072,0.9327731092436975,833,1.1005774873514145,0.937,0.7811641369377502,0.08310381823747741,,,0.7704976457697412,,0.7705135284373275,0.22948647156267254,0.9682562440577314,0.39158740790199525,5,0.1,0.5,0.5876744746285757,0.5744855945639796,0.5771265558065037,0.5716086410597253,0.5710434975589621,0.5758955239058279,0.5770238283080689,0.5729349347549318,0.5877344823282515,0.5795910929059382,0.5745900714218212,1.0
6,0,0.1940931277429673,0.94148,5000,0.858292853390729,0.9424460431654677,834,0.8738960326670077,0.944,0.7714151464522224,0.08322804165150167,,,0.8001622307421518,,0.8001857336479092,0.19981426635209076,0.9664968226067502,0.3848756321765957,5,0.1,0.5,1.0,0.5653797751746292,0.5561602276321029,0.5596824313744247,0.5564015623353902,0.5510307726955339,0.5602553325308066,0.547984867790144,0.5601997310904033,0.5630830456974877,0.5536013684835213,0.5571917555644373
6,1,0.19348917774749314,0.94204,5000,0.8644492405432241,0.9520383693045563,834,0.8748055784085307,0.9442,0.7774036453888237,0.08369390402236035,,,0.911419488808642,,0.911435168917223,0.08856483108277702,0.9674035798097986,0.38509281228964476,5,0.1,0.5,0.5653797751746292,1.0,0.5610084161424496,0.5659681944514792,0.5586787440339915,0.5605319515888151,0.570430710574053,0.5567178501667113,0.5687575413012272,0.5683602912194203,0.5514310786709591,0.5569916090539683
6,2,0.19984101804839388,0.93912,5000,0.8587140573395623,0.9496402877697842,834,0.8733718661835399,0.944,0.767672123130802,0.08340701670937983,,,0.842905056622493,,0.8429195321520004,0.15708046784799956,0.9672181064914185,0.3850043322259622,5,0.1,0.5,0.5561602276321029,0.5610084161424496,1.0,0.561597305031758,0.5445543233463348,0.559271825741628,0.5581449928925033,0.5469285306941445,0.5650343513415429,0.5450058356186477,0.5469934010474556,0.5491968994389957
6,3,0.19106371020364343,0.94188,5000,0.8917894319251731,0.9388489208633094,834,0.8734757028067835,0.9441,0.7743168645119629,0.08348847830260277,,,0.8623597154802286,,0.8623763867275739,0.13762361327242612,0.9671843816709111,0.3850419430739272,5,0.1,0.5,0.5596824313744247,0.5659681944514792,0.561597305031758,1.0,0.5640423026425516,0.5686035467848495,0.5646165942815397,0.5532536548591158,0.5729895790115103,0.5483400524381187,0.5463828929772998,0.5510085944919998
6,4,0.20267431780601003,0.93852,5000,0.8693307351183008,0.9447779111644657,833,0.873654065421595,0.944,0.7664332992956739,0.0831462374547789,,,0.7806257513116894,,0.7806485618191857,0.21935143818081426,0.9666804064018563,0.3847871611499876,5,0.1,0.5,0.5564015623353902,0.5586787440339915,0.5445543233463348,0.5640423026425516,1.0,0.5502995649099978,0.5605620989226968,0.5482038155347994,0.5643681053276675,0.5565918655780467,0.5427331049750955,0.5376518579336008
6,5,0.1879178018288414,0.94356,5000,0.8886761665344238,0.9423769507803121,833,0.8737485679193807,0.944,0.7681301748595196,0.08314513767596762,,,0.7803631021202608,,0.7803774910898047,0.2196225089101953,0.9665270255918134,0.3847852667358004,5,0.1,0.5,0.5510307726955339,0.5605319515888151,0.559271825741628,0.5686035467848495,0.5502995649099978,1.0,0.5610360959502164,0.5496320667789453,0.5582135769235045,0.5547573322507612,0.5396952774280842,0.547171699207545
6,6,0.19601283117559307,0.94144,5000,0.8713621850366946,0.9375750300120048,833,0.8732986025536023,0.944,0.7761268094686987,0.08374264638927742,,,0.9230601415723939,,0.9230761507956428,0.07692384920435724,0.9674735465290206,0.3850988882127066,5,0.1,0.5,0.5602553325308066,0.570430710574053,0.5581449928925033,0.5646165942815397,0.5605620989226968,0.5610360959502164,1.0,0.5524434037239919,0.5704295672869906,0.5605752176776723,0.5584774701318821,0.5548192505592547
6,7,0.19256526828939274,0.94288,5000,0.8702049277446888,0.9387755102040817,833,0.8740780395440781,0.9441,0.7653000685549655,0.0830717103054738,,,0.7628271764495166,,0.762843230761508,0.23715676923849205,0.9664567542042415,0.38468893777186314,5,0.1,0.5,0.547984867790144,0.5567178501667113,0.5469285306941445,0.5532536548591158,0.5482038155347994,0.5496320667789453,0.5524434037239919,1.0,0.5666503494135773,0.5591642385657088,0.5455990194957318,0.5473433818944309
6,8,0.18398088230187915,0.94364,5000,0.9037782042114823,0.9507803121248499,833,0.873348000712288,0.944,0.7801371646786057,0.08398106802390311,,,0.9799999997611799,,0.9800010039656644,0.019998996034335637,0.9675166300969854,0.3851099727456616,5,0.1,0.5,0.5601997310904033,0.5687575413012272,0.5650343513415429,0.5729895790115103,0.5643681053276675,0.5582135769235045,0.5704295672869906,0.5666503494135773,1.0,0.5651432482158553,0.5612260286628392,0.5551127150034109
6,9,0.21522370324155707,0.93572,5000,0.8416533448078014,0.943577430972389,833,0.8733657973642928,0.944,0.7710342714167447,0.0835605957515039,,,0.8795828056574874,,0.8795943978715928,0.12040560212840723,0.9673761547178702,0.3850657101828761,5,0.1,0.5,0.5630830456974877,0.5683602912194203,0.5450058356186477,0.5483400524381187,0.5565918655780467,0.5547573322507612,0.5605752176776723,0.5591642385657088,0.5651432482158553,1.0,0.5479552099890926,0.5557587097485117
6,10,0.21202020424886778,0.9372,5000,0.8571865944950668,0.9507803121248499,833,0.8761694633160917,0.9443,0.7611518379338178,0.08259927428798136,,,0.65,,0.650002509914161,0.349997490085839,0.9640023096420158,0.38349560346543204,5,0.1,0.5,0.5536013684835213,0.5514310786709591,0.5469934010474556,0.5463828929772998,0.5427331049750955,0.5396952774280842,0.5584774701318821,0.5455990194957318,0.5612260286628392,0.5479552099890926,1.0,0.5441626453686252
6,11,0.19644885214377836,0.94168,5000,0.8858074016041226,0.9375750300120048,833,0.8749559563569749,0.9441,0.7633412100875047,0.08293588942526924,,,0.7303904318979333,,0.7304101199738969,0.26958988002610307,0.9660020472260963,0.38446139898876736,5,0.1,0.5,0.5571917555644373,0.5569916090539683,0.5491968994389957,0.5510085944919998,0.5376518579336008,0.547171699207545,0.5548192505592547,0.5473433818944309,0.5551127150034109,0.5557587097485117,0.5441626453686252,1.0
7,0,0.17833817099594765,0.94692,5000,0.6623402017134207,0.9484412470023981,834,0.678775896660436,0.9499,0.7512277814569105,0.08317370733616844,,,0.7756321926829445,,0.7756538326389237,0.22434616736107627,0.9646952070541515,0.3764999242664545,5,0.1,0.5,1.0,0.537019239207565,0.5293808429407301,0.5238996845443881,0.5268043409218283,0.5182579327022447,0.5244936639113883,0.5268200182997026,0.5277199016994615,0.5302243491964753,0.5229803076670775,0.5275375027130534
7,1,0.1751242093000395,0.94752,5000,0.666769787117287,0.9580335731414868,834,0.679514420870394,0.95,0.7654716401061052,0.08399723023300484,,,0.9490010370261619,,0.9490186235630741,0.05098137643692591,0.9656698513209897,0.37685930225901315,5,0.1,0.5,0.537019239207565,1.0,0.5382251093767857,0.5403329355356743,0.5398939818903438,0.5327259960404107,0.5414237998798387,0.5333527041366107,0.5521733410578102,0.5435675834442033,0.5282138071138028,0.5342653240930311
