round,client_id,client_i_training_loss,client_i_training_accuracy,client_i_training_dataset_size,client_i_evaluation_loss,client_i_evaluation_accuracy,client_i_evaluation_dataset_size,client_i_central_evaluation_loss,client_i_central_evaluation_accuracy,client_i_cosine_similarity,client_i_importance_coefficient,client_i_tanh_val,tanh_normalization_value,client_i_q,client_i_mask_order,client_i_v_nonzero_fraction,client_i_v_sparsity,client_i_v_cosine_similarity,client_i_reward_gradient_norm,local_epochs,learning_rate,gamma,client_0_cosine_similarity,client_1_cosine_similarity,client_2_cosine_similarity,client_3_cosine_similarity,client_4_cosine_similarity,client_5_cosine_similarity,client_6_cosine_similarity,client_7_cosine_similarity,client_8_cosine_similarity,client_9_cosine_similarity,client_10_cosine_similarity,client_11_cosine_similarity
0,0,2.291746232726357,0.13323734101271897,4167,2.299485887799944,0.11750599520383694,834,2.298152727416799,0.1349,0.9606484081673149,0.08275780933525707,,,0.5898135550628879,,0.5898483273093363,0.41015167269066366,0,0.1444544166620928,10,0.025,0.15,1.0,0.9211204170492229,0.9357984590153707,0.9260981023080038,0.9006831487163269,0.9224142386289924,0.9266068340547878,0.9230138628861717,0.9020013856066472,0.9358739658632288,0.9296161954795311,0.9279210986989899
0,1,2.2922260855183456,0.14578833693304535,4167,2.298731701714652,0.1354916067146283,834,2.2980332253854487,0.1373,0.9710095555662979,0.08365040006215513,,,0.8735293014451899,,0.8735620801769239,0.12643791982307606,0,0.14504072999801357,10,0.025,0.15,0.9211204170492229,1.0,0.9020515021260646,0.9154207192301141,0.9495820144869317,0.9409699792653733,0.932243946021945,0.9540426665827129,0.9453809028585128,0.9400882727011897,0.9278465663510962,0.942677251094477
0,2,2.2885924714984314,0.16997840172786177,4167,2.2985143661499023,0.1342925659472422,834,2.298178884047496,0.1347,0.9591944384185642,0.08263255294569422,,,0.55,,0.5500404350481095,0.4499595649518905,0,0.14425035553225182,10,0.025,0.15,0.9357984590153707,0.9020515021260646,1.0,0.9395604024180286,0.894099116843923,0.9247478975318096,0.947728672808435,0.8938967319433436,0.9161540226770718,0.9232690943358635,0.9264357634291569,0.9305300311746628
0,3,2.2925182710994374,0.14115670746340292,4167,2.2982048647744313,0.1342925659472422,834,2.29809437824201,0.1355,0.9639834942018438,0.08304511987657028,,,0.6811370723432644,,0.681173771682263,0.318826228317737,0,0.1447906856595699,10,0.025,0.15,0.9260981023080038,0.9154207192301141,0.9395604024180286,1.0,0.9086842616906537,0.9133809804919779,0.938492701818423,0.9150868269086015,0.9293274866358936,0.9255066556480323,0.9491562858494155,0.9291527372816176
0,4,2.2921820813959295,0.1603551715862731,4167,2.2982119151524136,0.12725090036014405,833,2.298108948936945,0.1353,0.9618991372604944,0.08286555697627059,,,0.6240618409456206,,0.62408608539222,0.37591391460778,0,0.14466204872996388,10,0.025,0.15,0.9006831487163269,0.9495820144869317,0.894099116843923,0.9086842616906537,1.0,0.9141127842271649,0.931429165050655,0.9411670720900742,0.9403508073468447,0.9371259952903619,0.9233707179626013,0.9250671719400304
0,5,2.290288079146183,0.13424526037916967,4167,2.2962502411433627,0.14405762304921968,833,2.29806760293019,0.1343,0.9664808245745512,0.08326025955626429,,,0.7495206136029391,,0.7495420111897807,0.2504579888102193,0,0.1449334190350329,10,0.025,0.15,0.9224142386289924,0.9409699792653733,0.9247478975318096,0.9133809804919779,0.9141127842271649,1.0,0.916412996120521,0.9216387303832642,0.9381550928998869,0.9424617468878475,0.9271220842654982,0.9574448609137491
0,6,2.2912857257958614,0.148836093112551,4167,2.2955307279314314,0.15006002400960383,833,2.2980332646188857,0.1374,0.9708809531278038,0.08363932123665097,,,0.8700078249697663,,0.8700467066065918,0.12995329339340822,0,0.1450402486553753,10,0.025,0.15,0.9266068340547878,0.932243946021945,0.947728672808435,0.938492701818423,0.931429165050655,0.916412996120521,1.0,0.9274125044123805,0.9473256755771075,0.9311074239019704,0.9367786554445726,0.9343914431579097
0,7,2.2913308627677687,0.1450923926085913,4167,2.2972145761762346,0.13805522208883553,833,2.2980743903148024,0.1347,0.9646854283462506,0.08310559000444938,,,0.7003578943258933,,0.7004093017114753,0.2995906982885247,0,0.14488434565062938,10,0.025,0.15,0.9230138628861717,0.9540426665827129,0.8938967319433436,0.9150868269086015,0.9411670720900742,0.9216387303832642,0.9274125044123805,1.0,0.9397898687186844,0.9386529260611097,0.9243861198289123,0.9189244679194263
0,8,2.290717187794772,0.13576572251560248,4166,2.29838718686785,0.14285714285714285,833,2.298033421552634,0.1372,0.9706231903436575,0.08361711552313211,,,0.862949595038511,,0.862982951263389,0.13701704873661102,0,0.145039083711143,10,0.025,0.15,0.9020013856066472,0.9453809028585128,0.9161540226770718,0.9293274866358936,0.9403508073468447,0.9381550928998869,0.9473256755771075,0.9397898687186844,1.0,0.9355894061219328,0.9341399846955194,0.938737649206202
0,9,2.293895318291404,0.12520403264522323,4166,2.2950848851885115,0.15006002400960383,833,2.298018096368524,0.1373,0.9730521334059882,0.08382636378204719,,,0.9294605100281861,,0.92950273142876,0.07049726857123995,0,0.1450983219836797,10,0.025,0.15,0.9358739658632288,0.9400882727011897,0.9232690943358635,0.9255066556480323,0.9371259952903619,0.9424617468878475,0.9311074239019704,0.9386529260611097,0.9355894061219328,1.0,0.9349889949632398,0.9504836067091124
0,10,2.292662449316545,0.157321171387422,4166,2.2979795592171803,0.14285714285714285,833,2.2980332646188857,0.1373,0.9709585574807901,0.08364600668597189,,,0.8721328383570077,,0.8721674836196794,0.12783251638032056,0,0.14504051559426848,10,0.025,0.15,0.9296161954795311,0.9278465663510962,0.9264357634291569,0.9491562858494155,0.9233707179626013,0.9271220842654982,0.9367786554445726,0.9243861198289123,0.9341399846955194,0.9349889949632398,1.0,0.957007769240095
0,11,2.2916474956454653,0.1387662025924148,4166,2.300138371331351,0.11644657863145258,833,2.2980179726322993,0.1373,0.9745326138979599,0.08395390401553689,,,0.9699999996821436,,0.9700285520951957,0.029971447904804327,0,0.1450992296255479,10,0.025,0.15,0.9279210986989899,0.942677251094477,0.9305300311746628,0.9291527372816176,0.9250671719400304,0.9574448609137491,0.9343914431579097,0.9189244679194263,0.938737649206202,0.9504836067091124,0.957007769240095,1.0
1,0,2.180538699121186,0.21744660427165827,4167,2.2893286091940745,0.17026378896882494,834,2.287843212296691,0.168,0.9810488754839336,0.08278208315223592,,,0.97,,0.9700285520951957,0.029971447904804327,0.8256809502308295,0.1480687333351608,10,0.025,0.15,1.0,0.9659913948090109,0.9703927264551385,0.9663174401083462,0.9586791014208519,0.9652162751222112,0.9638828731724504,0.965553013614973,0.9587672548995908,0.9709426754048672,0.9700739233640561,0.9654235063599708
1,1,2.1757127729329198,0.22123830093592511,4167,2.2871675150735036,0.16666666666666666,834,2.287691191781925,0.1655,0.9883789430184396,0.08356953553983883,,,0.97,,0.9700285520951957,0.029971447904804327,0.8224514038890728,0.1480687333351608,10,0.025,0.15,0.9659913948090109,1.0,0.9680426479171647,0.9734794801991817,0.9743924509878068,0.9708695194142769,0.9728888637907639,0.9780041263636878,0.9773762439121314,0.9758087313059582,0.9750104354866297,0.9757518924367942
1,2,2.1664585716796645,0.2257979361651068,4167,2.288574423108782,0.17146282973621102,834,2.2878914241549335,0.1677,0.9860046870071986,0.08286559444823027,,,0.97,,0.9700285520951957,0.029971447904804327,0.8253868521813262,0.1480687333351608,10,0.025,0.15,0.9703927264551385,0.9680426479171647,1.0,0.9726112352703343,0.9675231916160143,0.9731842754781503,0.974289668049463,0.9684618650489102,0.9683759545668883,0.9738518765240004,0.9737551965492622,0.9694467553778441
1,3,2.1824617848251804,0.20931125509959203,4167,2.288308722632272,0.15947242206235013,834,2.2877613713469684,0.1676,0.9894396176383112,0.08323108488930328,,,0.97,,0.9700285520951957,0.029971447904804327,0.8243156650538035,0.1480687333351608,10,0.025,0.15,0.9663174401083462,0.9734794801991817,0.9726112352703343,1.0,0.9730624968488685,0.9704722520640676,0.9788056432655116,0.9745506518277771,0.9761562020924959,0.9796955045888242,0.9798318776830114,0.9753575568216474
1,4,2.1819625731670493,0.2185505159587233,4167,2.2893214906964983,0.15966386554621848,833,2.2877896375293973,0.1679,0.9862991584319127,0.08301866578313857,,,0.97,,0.9700285520951957,0.029971447904804327,0.8238179881638436,0.1480687333351608,10,0.025,0.15,0.9586791014208519,0.9743924509878068,0.9675231916160143,0.9730624968488685,1.0,0.9640002795205922,0.9763807149932429,0.9733055730400239,0.975130367447208,0.9777560210009355,0.9734434460041823,0.9695077330898473
1,5,2.174778521422184,0.23177345812335012,4167,2.2862913608551025,0.16806722689075632,833,2.287727757345272,0.1645,0.9832912452563691,0.0831642769427673,,,0.97,,0.9700285520951957,0.029971447904804327,0.8226503970027458,0.1480687333351608,10,0.025,0.15,0.9652162751222112,0.9708695194142769,0.9731842754781503,0.9704722520640676,0.9640002795205922,1.0,0.9651306182251645,0.9661738196474278,0.9642687995657999,0.9681747283655658,0.969506484286517,0.9706028728274352
1,6,2.18596415013978,0.21075113990880728,4167,2.284895215715681,0.1752701080432173,833,2.2876913698413706,0.1655,0.9887632324885041,0.08357516982346114,,,0.97,,0.9700285520951957,0.029971447904804327,0.8224425080701541,0.1480687333351608,10,0.025,0.15,0.9638828731724504,0.9728888637907639,0.974289668049463,0.9788056432655116,0.9763807149932429,0.9651306182251645,1.0,0.9723242484793446,0.9780649156783084,0.9773923997355459,0.9775451508442058,0.975494090667925
1,7,2.1758225545738683,0.21907847372210223,4167,2.2862368651798795,0.17286914765906364,833,2.287741754628435,0.1648,0.9874298394338882,0.08320317649745201,,,0.97,,0.9700285520951957,0.029971447904804327,0.8228422061721175,0.1480687333351608,10,0.025,0.15,0.965553013614973,0.9780041263636878,0.9684618650489102,0.9745506518277771,0.9733055730400239,0.9661738196474278,0.9723242484793446,1.0,0.9742634245291787,0.9764958061975132,0.9749565484841056,0.9724552494732096
1,8,2.1761490030722186,0.2126740278444551,4166,2.288531644003732,0.16686674669867949,833,2.2876914573621145,0.1655,0.9869992049501216,0.08350430235463074,,,0.97,,0.9700285520951957,0.029971447904804327,0.8224166462105411,0.1480687333351608,10,0.025,0.15,0.9587672548995908,0.9773762439121314,0.9683759545668883,0.9761562020924959,0.975130367447208,0.9642687995657999,0.9780649156783084,0.9742634245291787,1.0,0.9740573427454886,0.9733249247353297,0.9714755282714627
1,9,2.183066287907687,0.21814690350456073,4166,2.284163849694388,0.17046818727490998,833,2.2876770617086675,0.1655,0.9901513269668263,0.0837353850037216,,,0.97,,0.9700285520951957,0.029971447904804327,0.8221607920465872,0.1480687333351608,10,0.025,0.15,0.9709426754048672,0.9758087313059582,0.9738518765240004,0.9796955045888242,0.9777560210009355,0.9681747283655658,0.9773923997355459,0.9764958061975132,0.9740573427454886,1.0,0.9770035368926547,0.9774722813723382
1,10,2.1857252810940597,0.21363418146903504,4166,2.288008076804025,0.1608643457382953,833,2.2876912129076223,0.1655,0.9897000100229811,0.08360965797224358,,,0.97,,0.9700285520951957,0.029971447904804327,0.8224386701795829,0.1480687333351608,10,0.025,0.15,0.9700739233640561,0.9750104354866297,0.9737551965492622,0.9798318776830114,0.9734434460041823,0.969506484286517,0.9775451508442058,0.9749565484841056,0.9733249247353297,0.9770035368926547,1.0,0.9788640920893509
1,11,2.1727344552675882,0.22762842054728757,4166,2.2897007124764577,0.15366146458583432,833,2.2876769832417936,0.1655,0.9879033443230337,0.08374106759297678,,,0.97,,0.9700285520951957,0.029971447904804327,0.8221455036709103,0.1480687333351608,10,0.025,0.15,0.9654235063599708,0.9757518924367942,0.9694467553778441,0.9753575568216474,0.9695077330898473,0.9706028728274352,0.975494090667925,0.9724552494732096,0.9714755282714627,0.9774722813723382,0.9788640920893509,1.0
2,0,2.0845384818134884,0.25769138468922487,4167,2.272988932473319,0.18225419664268586,834,2.2713187253927885,0.1922,0.9810421967864333,0.08290391818744049,,,0.97,,0.9700285520951957,0.029971447904804327,0.9634489980029883,0.147570057541782,10,0.025,0.15,1.0,0.9619973150348106,0.9624038855573713,0.9609018467276023,0.9567218935959086,0.9640333425641272,0.9613529581172342,0.9616259508909235,0.9568947610015137,0.9650424759872661,0.9697195453572985,0.9613243262727673
2,1,2.0782683206327035,0.25694744420446364,4167,2.2685446398598805,0.20863309352517986,834,2.2711249605009827,0.1939,0.9840557010638796,0.0834874199507938,,,0.97,,0.9700285520951957,0.029971447904804327,0.9634489980029883,0.147570057541782,10,0.025,0.15,0.9619973150348106,1.0,0.9600622184119877,0.9645905662470106,0.9665284185147188,0.9633821622269818,0.9625891382669867,0.969729701717769,0.9654474470775568,0.9679858613876551,0.965752991770533,0.9691489314439387
2,2,2.068721557385994,0.2611711063114951,4167,2.2725724152156284,0.1774580335731415,834,2.271394331243974,0.1925,0.9819216865871252,0.08298397530307283,,,0.97,,0.9700285520951957,0.029971447904804327,0.9634489980029883,0.147570057541782,10,0.025,0.15,0.9624038855573713,0.9600622184119877,1.0,0.9622864454186731,0.9624793287913063,0.9684135150463139,0.9643542030808858,0.9614334716860765,0.9597288637542113,0.9666837742248648,0.9644696746047541,0.9600866908521136
2,3,2.084247278444695,0.24602831773458123,4167,2.272590330668858,0.1774580335731415,834,2.2712064362779447,0.193,0.9848227628007142,0.08330357325918668,,,0.97,,0.9700285520951957,0.029971447904804327,0.9634489980029883,0.147570057541782,10,0.025,0.15,0.9609018467276023,0.9645905662470106,0.9622864454186731,1.0,0.9635651919704804,0.9670374628548332,0.9675239445156769,0.9657634262065535,0.9686055611639286,0.9720933083329104,0.9684613057974182,0.9655484299230261
2,4,2.086494522744959,0.2531797456203504,4167,2.2746712139674594,0.17767106842737096,833,2.2712540837782846,0.1928,0.9830927804155023,0.08311640103891023,,,0.97,,0.9700285520951957,0.029971447904804327,0.9634489980029883,0.147570057541782,10,0.025,0.15,0.9567218935959086,0.9665284185147188,0.9624793287913063,0.9635651919704804,1.0,0.9604388699162609,0.966386077535954,0.9665864915617381,0.9677053721214224,0.9698585418120794,0.9667876800501696,0.9589983544059069
2,5,2.079055805639787,0.26597072234221264,4167,2.2698401723589217,0.17767106842737096,833,2.271162697031528,0.1922,0.9826822273978393,0.0831928826505491,,,0.97,,0.9700285520951957,0.029971447904804327,0.9634489980029883,0.147570057541782,10,0.025,0.15,0.9640333425641272,0.9633821622269818,0.9684135150463139,0.9670374628548332,0.9604388699162609,1.0,0.96135732435399,0.9624540825237742,0.9594495166463837,0.9657968110187458,0.9652899420172492,0.9636091653027157
2,6,2.093480010466142,0.24876409887209022,4167,2.2680602414267406,0.21368547418967587,833,2.271125259278696,0.194,0.9838184623725859,0.08348319385346634,,,0.97,,0.9700285520951957,0.029971447904804327,0.9634489980029883,0.147570057541782,10,0.025,0.15,0.9613529581172342,0.9625891382669867,0.9643542030808858,0.9675239445156769,0.966386077535954,0.96135732435399,1.0,0.9637623738657182,0.9668081654641059,0.9681462884591535,0.9685196172648234,0.9636350843433914
2,7,2.080095959070957,0.25581953443724503,4167,2.268721580505371,0.22328931572629052,833,2.271185793454134,0.1924,0.9841896204452051,0.08326580729317196,,,0.97,,0.9700285520951957,0.029971447904804327,0.9634489980029883,0.147570057541782,10,0.025,0.15,0.9616259508909235,0.969729701717769,0.9614334716860765,0.9657634262065535,0.9665864915617381,0.9624540825237742,0.9637623738657182,1.0,0.9639012653968273,0.9689970827669804,0.9687948925507708,0.9658858779774664
2,8,2.0821634003610323,0.2504560729716755,4166,2.2729083129337857,0.19807923169267708,833,2.271125274368479,0.1941,0.9830466568111959,0.08341443070343255,,,0.97,,0.9700285520951957,0.029971447904804327,0.9634489980029883,0.147570057541782,10,0.025,0.15,0.9568947610015137,0.9654474470775568,0.9597288637542113,0.9686055611639286,0.9677053721214224,0.9594495166463837,0.9668081654641059,0.9639012653968273,1.0,0.9664984325167506,0.9672594778408194,0.9630071982451704
2,9,2.0882822495518307,0.2530724915986558,4166,2.2667650154658725,0.20168067226890757,833,2.271113196505776,0.1938,0.986862905010996,0.08368083774320699,,,0.97,,0.9700285520951957,0.029971447904804327,0.9634489980029883,0.147570057541782,10,0.025,0.15,0.9650424759872661,0.9679858613876551,0.9666837742248648,0.9720933083329104,0.9698585418120794,0.9657968110187458,0.9681462884591535,0.9689970827669804,0.9664984325167506,1.0,0.9685245249949983,0.9707124274612177
2,10,2.0920724193255107,0.24373499759961595,4166,2.2718327045440674,0.19207683073229292,833,2.2711249695548528,0.194,0.9863457671802072,0.08358650570517963,,,0.97,,0.9700285520951957,0.029971447904804327,0.9634489980029883,0.147570057541782,10,0.025,0.15,0.9697195453572985,0.965752991770533,0.9644696746047541,0.9684613057974182,0.9667876800501696,0.9652899420172492,0.9685196172648234,0.9687948925507708,0.9672594778408194,0.9685245249949983,1.0,0.9707070606819725
2,11,2.071481388987917,0.2631301008161306,4166,2.273198672703334,0.1872749099639856,833,2.2711132719546936,0.1938,0.983681051144035,0.0835810543115893,,,0.97,,0.9700285520951957,0.029971447904804327,0.9634489980029883,0.147570057541782,10,0.025,0.15,0.9613243262727673,0.9691489314439387,0.9600866908521136,0.9655484299230261,0.9589983544059069,0.9636091653027157,0.9636350843433914,0.9658858779774664,0.9630071982451704,0.9707124274612177,0.9707070606819725,1.0
3,0,2.0228980815771855,0.27717782577393807,4167,2.2503885882241383,0.20503597122302158,834,2.248659960831268,0.232,0.9777849957996015,0.08299319274588882,,,0.97,,0.9700285520951957,0.029971447904804327,0.9809562662323784,0.14701389902825002,10,0.025,0.15,1.0,0.9567774788979204,0.9532503347217327,0.9516550195721033,0.9501262995880088,0.9539264292379604,0.9559500633579695,0.9539340331188639,0.9501456595570905,0.9561679517372619,0.9618682404544668,0.9562225986317351
3,1,2.0166789054870606,0.27804175665946723,4167,2.2431883811950684,0.2565947242206235,834,2.248416469066958,0.234,0.9814154053225946,0.08347162027961987,,,0.97,,0.9700285520951957,0.029971447904804327,0.9809562662323784,0.14701389902825002,10,0.025,0.15,0.9567774788979204,1.0,0.9504924741245288,0.9584221566060066,0.9591735017315974,0.9578134898531783,0.9576038676890573,0.962698588200941,0.9581109737768437,0.9605718132932357,0.9586985746691097,0.962047510765922
3,2,2.006021351886518,0.2820254379649628,4167,2.250645467213222,0.2314148681055156,834,2.2487572778629352,0.2315,0.9766411649579939,0.083005456765021,,,0.97,,0.9700285520951957,0.029971447904804327,0.9809562662323784,0.14701389902825002,10,0.025,0.15,0.9532503347217327,0.9504924741245288,1.0,0.9528282596501252,0.9541618075496097,0.9593833053097873,0.9562806216220108,0.9517971438544769,0.9504177690611588,0.955361569649199,0.953745279992446,0.9488869007362769
3,3,2.0203765005776377,0.2699544036477082,4167,2.2512809208461215,0.23501199040767387,834,2.248511353625527,0.2336,0.9811106592528546,0.0833481579564311,,,0.97,,0.9700285520951957,0.029971447904804327,0.9809562662323784,0.14701389902825002,10,0.025,0.15,0.9516550195721033,0.9584221566060066,0.9528282596501252,1.0,0.9561248410601714,0.959618401887326,0.9601485683102035,0.9561962494343628,0.9600434962275677,0.9652026366140076,0.9593749791981473,0.9592571016436847
3,4,2.022067512887897,0.2782577393808495,4167,2.2541939871651784,0.21248499399759904,833,2.2485836276525184,0.2334,0.9795360713360235,0.08318136076627383,,,0.97,,0.9700285520951957,0.029971447904804327,0.9809562662323784,0.14701389902825002,10,0.025,0.15,0.9501262995880088,0.9591735017315974,0.9541618075496097,0.9561248410601714,1.0,0.9538878750513062,0.9587752847057425,0.9586175771866887,0.9587098200823337,0.9616707792705326,0.9590181809820656,0.950220438541765
3,5,2.0143122055313802,0.2898488120950324,4167,2.247502531324114,0.21608643457382953,833,2.248455325259438,0.2319,0.9795885662505709,0.08323030722743797,,,0.97,,0.9700285520951957,0.029971447904804327,0.9809562662323784,0.14701389902825002,10,0.025,0.15,0.9539264292379604,0.9578134898531783,0.9593833053097873,0.959618401887326,0.9538878750513062,1.0,0.9557034348064188,0.95553866141197,0.953515327446759,0.9571241199123619,0.9577899121037752,0.9568169304740249
3,6,2.032069183840896,0.27213822894168466,4167,2.2452850341796875,0.24129651860744297,833,2.248416954957986,0.234,0.9808837080027327,0.08345172522519086,,,0.97,,0.9700285520951957,0.029971447904804327,0.9809562662323784,0.14701389902825002,10,0.025,0.15,0.9559500633579695,0.9576038676890573,0.9562806216220108,0.9601485683102035,0.9587752847057425,0.9557034348064188,1.0,0.956790017278087,0.9572932425120012,0.9590160642726496,0.9616469865910723,0.9569757127575852
3,7,2.0174186218868604,0.27943364530837533,4167,2.2448128291538785,0.25570228091236497,833,2.2484884533701064,0.232,0.9799642378162919,0.08328756270505985,,,0.97,,0.9700285520951957,0.029971447904804327,0.9809562662323784,0.14701389902825002,10,0.025,0.15,0.9539340331188639,0.962698588200941,0.9517971438544769,0.9561962494343628,0.9586175771866887,0.95553866141197,0.956790017278087,1.0,0.9517221797638364,0.9603493773422553,0.9584812798795234,0.9593192858704094
3,8,2.0239023461486356,0.2761401824291887,4166,2.251243625368391,0.23289315726290516,833,2.248416837257675,0.234,0.978891296253144,0.08334448215589099,,,0.97,,0.9700285520951957,0.029971447904804327,0.9809562662323784,0.14701389902825002,10,0.025,0.15,0.9501456595570905,0.9581109737768437,0.9504177690611588,0.9600434962275677,0.9587098200823337,0.953515327446759,0.9572932425120012,0.9517221797638364,1.0,0.9564256697667249,0.9584492828487329,0.9579070131706755
3,9,2.024663899522839,0.27309169467114736,4166,2.242851563862392,0.24849939975990396,833,2.248409455335593,0.2344,0.9823316244314447,0.08362087247114451,,,0.97,,0.9700285520951957,0.029971447904804327,0.9809562662323784,0.14701389902825002,10,0.025,0.15,0.9561679517372619,0.9605718132932357,0.955361569649199,0.9652026366140076,0.9616707792705326,0.9571241199123619,0.9590160642726496,0.9603493773422553,0.9564256697667249,1.0,0.9586091171427503,0.9626163911446979
3,10,2.0337377739675118,0.26975516082573214,4166,2.249566010066441,0.234093637454982,833,2.248416478120828,0.234,0.9821979356617953,0.08355826094723777,,,0.97,,0.9700285520951957,0.029971447904804327,0.9809562662323784,0.14701389902825002,10,0.025,0.15,0.9618682404544668,0.9586985746691097,0.953745279992446,0.9593749791981473,0.9590181809820656,0.9577899121037752,0.9616469865910723,0.9584812798795234,0.9584492828487329,0.9586091171427503,1.0,0.9639143040821321
3,11,2.008094530394583,0.2841094575132021,4166,2.2504489421844482,0.22809123649459784,833,2.2484097873108295,0.2345,0.9807246937539302,0.0835070007548034,,,0.97,,0.9700285520951957,0.029971447904804327,0.9809562662323784,0.14701389902825002,10,0.025,0.15,0.9562225986317351,0.962047510765922,0.9488869007362769,0.9592571016436847,0.950220438541765,0.9568169304740249,0.9569757127575852,0.9593192858704094,0.9579070131706755,0.9626163911446979,0.9639143040821321,1.0
4,0,1.9745267727158287,0.29580033597312216,4167,2.2221810136522566,0.25059952038369304,834,2.220475248143643,0.2761,0.9749010539748323,0.0830420136059297,,,0.97,,0.9700285520951957,0.029971447904804327,0.9850850808129362,0.14660889028101506,10,0.025,0.15,1.0,0.9524041663289493,0.9477557467241863,0.9461262836226867,0.9454467361772653,0.9464787988888023,0.9506717523519406,0.9485320646366966,0.9439352568636851,0.9490177973403876,0.9553432068169301,0.9488026172988204
4,1,1.9655401905377705,0.29932805375569954,4167,2.2116071496691023,0.31534772182254195,834,2.220180626156964,0.2797,0.9785349617902258,0.08345609028258064,,,0.97,,0.9700285520951957,0.029971447904804327,0.9850850808129362,0.14660889028101506,10,0.025,0.15,0.9524041663289493,1.0,0.9450915797893522,0.9524099706631003,0.9529093468526534,0.9512313929056581,0.9509592877767945,0.9555832972650751,0.9541227011456174,0.9543929322603605,0.9517359449885986,0.9560078115700522
4,2,1.9555799346981626,0.30239980801535876,4167,2.22322222164699,0.27817745803357313,834,2.220592320719852,0.2758,0.9742569382076497,0.08302863524529616,,,0.97,,0.9700285520951957,0.029971447904804327,0.9850850808129362,0.14660889028101506,10,0.025,0.15,0.9477557467241863,0.9450915797893522,1.0,0.9462692288402377,0.949439475846144,0.9541652049079802,0.9500551112793202,0.9444433004064333,0.9471683868712353,0.9508746945751897,0.9472462245403482,0.9444946438956487
4,3,1.96724838885394,0.2928485721142309,4167,2.2249369621276855,0.2673860911270983,834,2.2202901296977755,0.2773,0.9782674838461688,0.08337104719498167,,,0.97,,0.9700285520951957,0.029971447904804327,0.9850850808129362,0.14660889028101506,10,0.025,0.15,0.9461262836226867,0.9524099706631003,0.9462692288402377,1.0,0.9501400551531013,0.9541987444647175,0.9521022517246975,0.9478348976356247,0.9569836023335998,0.96017798983347,0.9534784827609938,0.9540111188555916
4,4,1.9730540719899263,0.29695224382049434,4167,2.2284566334315707,0.25090036014405764,833,2.2203890462464924,0.2775,0.9769874345703013,0.08322625752465188,,,0.97,,0.9700285520951957,0.029971447904804327,0.9850850808129362,0.14660889028101506,10,0.025,0.15,0.9454467361772653,0.9529093468526534,0.949439475846144,0.9501400551531013,1.0,0.9495582067910839,0.9517225834355432,0.9516179891076159,0.9552487583961806,0.9556291785620518,0.9535969483304199,0.9435529552934943
4,5,1.96197214234959,0.30856731461483083,4167,2.2198821135929654,0.2617046818727491,833,2.2202218423915814,0.2773,0.9771400605450304,0.083261488736318,,,0.97,,0.9700285520951957,0.029971447904804327,0.9850850808129362,0.14660889028101506,10,0.025,0.15,0.9464787988888023,0.9512313929056581,0.9541652049079802,0.9541987444647175,0.9495582067910839,1.0,0.9505490103178892,0.9498565715347004,0.9510023516543051,0.9505429599086229,0.9520570693487406,0.9510146922574653
4,6,1.9832373402335428,0.2868970482361411,4167,2.217022487095424,0.27010804321728693,833,2.2201813474486145,0.2797,0.9776807263758314,0.08341598959077956,,,0.97,,0.9700285520951957,0.029971447904804327,0.9850850808129362,0.14660889028101506,10,0.025,0.15,0.9506717523519406,0.9509592877767945,0.9500551112793202,0.9521022517246975,0.9517225834355432,0.9505490103178892,1.0,0.9497334060894307,0.9530709455250879,0.952045337354219,0.956457051214159,0.9494896858766039
4,7,1.969076444163467,0.29772018238540915,4167,2.2153792721884593,0.2809123649459784,833,2.2202649388132216,0.2773,0.976445223799309,0.0832742786540773,,,0.97,,0.9700285520951957,0.029971447904804327,0.9850850808129362,0.14660889028101506,10,0.025,0.15,0.9485320646366966,0.9555832972650751,0.9444433004064333,0.9478348976356247,0.9516179891076159,0.9498565715347004,0.9497334060894307,1.0,0.9467524399340245,0.9539992165646457,0.9515005910107015,0.9525730870289718
4,8,1.9717329382896422,0.2957033125300048,4166,2.2240343434470042,0.2773109243697479,833,2.220181024527248,0.2797,0.9777853130154676,0.08335308316313501,,,0.97,,0.9700285520951957,0.029971447904804327,0.9850850808129362,0.14660889028101506,10,0.025,0.15,0.9439352568636851,0.9541227011456174,0.9471683868712353,0.9569836023335998,0.9552487583961806,0.9510023516543051,0.9530709455250879,0.9467524399340245,1.0,0.9531968230583274,0.9535204137032557,0.9530986168092542
4,9,1.9740006016962457,0.292774843975036,4166,2.2132886137281145,0.31812725090036015,833,2.2201789330832566,0.2802,0.9795617404130624,0.08358178946256804,,,0.97,,0.9700285520951957,0.029971447904804327,0.9850850808129362,0.14660889028101506,10,0.025,0.15,0.9490177973403876,0.9543929322603605,0.9508746945751897,0.96017798983347,0.9556291785620518,0.9505429599086229,0.952045337354219,0.9539992165646457,0.9531968230583274,1.0,0.9528575584680808,0.9560812485633298
4,10,1.9838190519448482,0.28372539606337016,4166,2.221673454557146,0.2797118847539016,833,2.220180665390401,0.2797,0.9793551583208641,0.08353635305242198,,,0.97,,0.9700285520951957,0.029971447904804327,0.9850850808129362,0.14660889028101506,10,0.025,0.15,0.9553432068169301,0.9517359449885986,0.9472462245403482,0.9534784827609938,0.9535969483304199,0.9520570693487406,0.956457051214159,0.9515005910107015,0.9535204137032557,0.9528575584680808,1.0,0.9586370229481076
4,11,1.9534888047160524,0.3030244839174268,4166,2.2223176615578786,0.2797118847539016,833,2.2201795608182495,0.2802,0.9777669577461968,0.0834529734872602,,,0.97,,0.9700285520951957,0.029971447904804327,0.9850850808129362,0.14660889028101506,10,0.025,0.15,0.9488026172988204,0.9560078115700522,0.9444946438956487,0.9540111188555916,0.9435529552934943,0.9510146922574653,0.9494896858766039,0.9525730870289718,0.9530986168092542,0.9560812485633298,0.9586370229481076,1.0
5,0,1.9278868783604015,0.3108951283897288,4167,2.189079659325736,0.2733812949640288,834,2.187272210664387,0.3026,0.9740231304419155,0.08311146851288419,,,0.97,,0.9700285520951957,0.029971447904804327,0.9883575398149184,0.1462952148408017,10,0.025,0.15,1.0,0.949892298885063,0.9441533276783372,0.94192607840349,0.9443941212693154,0.9434009639711455,0.9468441884543193,0.9444955998060178,0.9442506097617166,0.9453920894222965,0.9503581987636347,0.9446629953097007
5,1,1.9247776956269236,0.31375089992800576,4167,2.174638714109148,0.3345323741007194,834,2.1869338615031184,0.3041,0.9761697051650997,0.08343762020747907,,,0.97,,0.9700285520951957,0.029971447904804327,0.9883575398149184,0.1462952148408017,10,0.025,0.15,0.949892298885063,1.0,0.9403540375500121,0.9457526350565802,0.9492321405565567,0.9472885334121949,0.9447192059165053,0.950437624960557,0.9506810801727722,0.9486806112772532,0.9464113367091604,0.9511838836301086
5,2,1.9061865611509843,0.31780657547396207,4167,2.1905586038317,0.3009592326139089,834,2.1874083838885343,0.3024,0.9724436218353366,0.08305174595970957,,,0.97,,0.9700285520951957,0.029971447904804327,0.9883575398149184,0.1462952148408017,10,0.025,0.15,0.9441533276783372,0.9403540375500121,1.0,0.9422049228959456,0.9459404010107081,0.9489144996709851,0.9446006197347987,0.9410295554923429,0.9429822746805946,0.9486424255546563,0.9422874907187341,0.9402209802769396
5,3,1.9187146627541745,0.30815934725221983,4167,2.19405950818743,0.29856115107913667,834,2.1870565535146977,0.3033,0.975531742498165,0.08336421574548838,,,0.97,,0.9700285520951957,0.029971447904804327,0.9883575398149184,0.1462952148408017,10,0.025,0.15,0.94192607840349,0.9457526350565802,0.9422049228959456,1.0,0.9448992181530724,0.9481750062798119,0.9475269488324424,0.9425464750336722,0.9533233519516812,0.9548699562428266,0.948519273782873,0.9474253232613103
5,4,1.9284030585577994,0.309719222462203,4167,2.1978932108197893,0.2773109243697479,833,2.187180929546115,0.3033,0.9755488565340303,0.08327517440868634,,,0.97,,0.9700285520951957,0.029971447904804327,0.9883575398149184,0.1462952148408017,10,0.025,0.15,0.9443941212693154,0.9492321405565567,0.9459404010107081,0.9448992181530724,1.0,0.9456325937533521,0.9476163604149916,0.9491985053547024,0.9515231378208443,0.9515993623636548,0.9492082188520523,0.9382624133553519
5,5,1.9145010590553284,0.3248620110391169,4167,2.1875644070761546,0.2773109243697479,833,2.1869786660882493,0.3025,0.9747174336205583,0.08326989718109114,,,0.97,,0.9700285520951957,0.029971447904804327,0.9883575398149184,0.1462952148408017,10,0.025,0.15,0.9434009639711455,0.9472885334121949,0.9489144996709851,0.9481750062798119,0.9456325937533521,1.0,0.9460413762603389,0.9426644568820185,0.9470175989722727,0.9446502789659545,0.9477525191916956,0.9462345954989679
5,6,1.9382543874509406,0.30494360451163904,4167,2.1837140832628523,0.3037214885954382,833,2.1869348091415213,0.3041,0.9753257041322652,0.0833853164349116,,,0.97,,0.9700285520951957,0.029971447904804327,0.9883575398149184,0.1462952148408017,10,0.025,0.15,0.9468441884543193,0.9447192059165053,0.9446006197347987,0.9475269488324424,0.9476163604149916,0.9460413762603389,1.0,0.9435305844666458,0.9483950195945924,0.947861163618578,0.9536947029925469,0.9439436034969212
5,7,1.9218398585464016,0.3144708423326134,4167,2.1810805456978932,0.3013205282112845,833,2.187030291255516,0.3026,0.9739597644118733,0.08325313495287628,,,0.97,,0.9700285520951957,0.029971447904804327,0.9883575398149184,0.1462952148408017,10,0.025,0.15,0.9444955998060178,0.950437624960557,0.9410295554923429,0.9425464750336722,0.9491985053547024,0.9426644568820185,0.9435305844666458,1.0,0.9423324630944495,0.9505232181668631,0.9444641211116562,0.9476431085217731
5,8,1.9275474226836002,0.31452232357177146,4166,2.191692352294922,0.3133253301320528,833,2.186934151226961,0.3041,0.9764553576744271,0.08338318090095453,,,0.97,,0.9700285520951957,0.029971447904804327,0.9883575398149184,0.1462952148408017,10,0.025,0.15,0.9442506097617166,0.9506810801727722,0.9429822746805946,0.9533233519516812,0.9515231378208443,0.9470175989722727,0.9483950195945924,0.9423324630944495,1.0,0.9476742056889669,0.9505200440796974,0.9493131967985841
5,9,1.9301350394884744,0.3064330292846856,4166,2.178528445107596,0.3397358943577431,833,2.186936828154552,0.3049,0.9771268693153786,0.0835465796921412,,,0.97,,0.9700285520951957,0.029971447904804327,0.9883575398149184,0.1462952148408017,10,0.025,0.15,0.9453920894222965,0.9486806112772532,0.9486424255546563,0.9548699562428266,0.9515993623636548,0.9446502789659545,0.947861163618578,0.9505232181668631,0.9476742056889669,1.0,0.9466790263630095,0.9491970047287428
5,10,1.9407886028289796,0.3011281805088814,4166,2.1887126309531078,0.3085234093637455,833,2.186933903754512,0.3041,0.9770812045928102,0.08351697546077472,,,0.97,,0.9700285520951957,0.029971447904804327,0.9883575398149184,0.1462952148408017,10,0.025,0.15,0.9503581987636347,0.9464113367091604,0.9422874907187341,0.948519273782873,0.9492082188520523,0.9477525191916956,0.9536947029925469,0.9444641211116562,0.9505200440796974,0.9466790263630095,1.0,0.9553493958844311
5,11,1.906577181816101,0.31982717234757563,4166,2.18929546219962,0.31452581032412963,833,2.186937845205959,0.3048,0.9752178649886393,0.08340469054300276,,,0.97,,0.9700285520951957,0.029971447904804327,0.9883575398149184,0.1462952148408017,10,0.025,0.15,0.9446629953097007,0.9511838836301086,0.9402209802769396,0.9474253232613103,0.9382624133553519,0.9462345954989679,0.9439436034969212,0.9476431085217731,0.9493131967985841,0.9491970047287428,0.9553493958844311,1.0
6,0,1.8863276925953951,0.3239500839932805,4167,2.1519778796604703,0.28177458033573144,834,2.149881716015973,0.3204,0.9721381676467137,0.08316422614793262,,,0.97,,0.9700285520951957,0.029971447904804327,0.9913692139170676,0.14596663632188384,10,0.025,0.15,1.0,0.94594460129013,0.9389024967262696,0.9369094127796617,0.9390498793169129,0.9387718500868613,0.9442955744536463,0.9407832752631405,0.9392544430788824,0.9417669409548123,0.946827871005943,0.9396186410073033
6,1,1.8813253930120757,0.32692584593232543,4167,2.133100986480713,0.34532374100719426,834,2.1495099460022358,0.3212,0.9744644893701624,0.08344206013993145,,,0.97,,0.9700285520951957,0.029971447904804327,0.9913692139170676,0.14596663632188384,10,0.025,0.15,0.94594460129013,1.0,0.9367242917203814,0.9414786180439598,0.9433836692871719,0.9425649424279854,0.9429009927829007,0.946227958650981,0.9460090262560783,0.9431721657810453,0.9433668257705974,0.9473019793280318
6,2,1.866633333943107,0.33057355411567074,4167,2.1535824026380266,0.32014388489208634,834,2.150034119811239,0.3204,0.9706818359447147,0.08307976441159605,,,0.97,,0.9700285520951957,0.029971447904804327,0.9913692139170676,0.14596663632188384,10,0.025,0.15,0.9389024967262696,0.9367242917203814,1.0,0.9361666335630211,0.9411176342762468,0.9433003967876347,0.9415331516420024,0.9372791834046438,0.9375907480440727,0.9457458801939506,0.9403104337148762,0.9365147132084027
6,3,1.8759302511359706,0.3215022798176146,4167,2.159243243081229,0.31774580335731417,834,2.1496400199358976,0.3209,0.9722456848677704,0.08332426990974316,,,0.97,,0.9700285520951957,0.029971447904804327,0.9913692139170676,0.14596663632188384,10,0.025,0.15,0.9369094127796617,0.9414786180439598,0.9361666335630211,1.0,0.9393160386934809,0.9412991743599238,0.94167433074076,0.9356363058212784,0.9473815424942108,0.9487278238180038,0.9429787069234467,0.9415998097152222
6,4,1.8879940296664381,0.32565394768418526,4167,2.163083859852382,0.29531812725090034,833,2.14978713627103,0.3205,0.9728339796945783,0.08328829902441386,,,0.97,,0.9700285520951957,0.029971447904804327,0.9913692139170676,0.14596663632188384,10,0.025,0.15,0.9390498793169129,0.9433836692871719,0.9411176342762468,0.9393160386934809,1.0,0.9403219792389603,0.9443451086000072,0.9428004119686547,0.9461144029975073,0.9461993215079875,0.9447704125184143,0.9327195149009697
6,5,1.8732580242734966,0.3384449244060475,4167,2.1512977395738875,0.2917166866746699,833,2.1495570351805866,0.3205,0.9720479952193296,0.08325940955072805,,,0.97,,0.9700285520951957,0.029971447904804327,0.9913692139170676,0.14596663632188384,10,0.025,0.15,0.9387718500868613,0.9425649424279854,0.9433003967876347,0.9412991743599238,0.9403219792389603,1.0,0.9420046663062469,0.9391577856971826,0.9420169805787456,0.9386179713738544,0.943619539145458,0.939312277479173
6,6,1.899829548777956,0.3169426445884329,4167,2.146390233721052,0.32533013205282113,833,2.149511110933521,0.3212,0.9741030180969192,0.08339788279031146,,,0.97,,0.9700285520951957,0.029971447904804327,0.9913692139170676,0.14596663632188384,10,0.025,0.15,0.9442955744536463,0.9429009927829007,0.9415331516420024,0.94167433074076,0.9443451086000072,0.9420046663062469,1.0,0.9408316636087719,0.9446030647481103,0.9430806437728002,0.9500797964920998,0.9395406541780563
6,7,1.8790154160875263,0.3261819054475642,4167,2.142702511378697,0.3169267707082833,833,2.1496146389200717,0.3206,0.9720046631495334,0.08324761535435747,,,0.97,,0.9700285520951957,0.029971447904804327,0.9913692139170676,0.14596663632188384,10,0.025,0.15,0.9407832752631405,0.946227958650981,0.9372791834046438,0.9356363058212784,0.9428004119686547,0.9391577856971826,0.9408316636087719,1.0,0.9385603411167689,0.9451237309546849,0.9408844405590552,0.9431818134598344
6,8,1.8863284223007433,0.3257561209793567,4166,2.154943125588553,0.33373349339735897,833,2.1495102085644686,0.3212,0.9740481992074536,0.08339477319611355,,,0.97,,0.9700285520951957,0.029971447904804327,0.9913692139170676,0.14596663632188384,10,0.025,0.15,0.9392544430788824,0.9460090262560783,0.9375907480440727,0.9473815424942108,0.9461144029975073,0.9420169805787456,0.9446030647481103,0.9385603411167689,1.0,0.9431586585763834,0.9447007968075741,0.944834358850603
6,9,1.888480544090271,0.3203792606817091,4166,2.139563628605434,0.3637454981992797,833,2.149518028090272,0.3212,0.9746010252641786,0.08351399490077877,,,0.97,,0.9700285520951957,0.029971447904804327,0.9913692139170676,0.14596663632188384,10,0.025,0.15,0.9417669409548123,0.9431721657810453,0.9457458801939506,0.9487278238180038,0.9461993215079875,0.9386179713738544,0.9430806437728002,0.9451237309546849,0.9431586585763834,1.0,0.9419043075846214,0.9431206736312389
6,10,1.8968908927657389,0.3153864618338934,4166,2.15168867792402,0.3325330132052821,833,2.14951003352298,0.3212,0.9754367067966727,0.08352290053803524,,,0.97,,0.9700285520951957,0.029971447904804327,0.9913692139170676,0.14596663632188384,10,0.025,0.15,0.946827871005943,0.9433668257705974,0.9403104337148762,0.9429787069234467,0.9447704125184143,0.943619539145458,0.9500797964920998,0.9408844405590552,0.9447007968075741,0.9419043075846214,1.0,0.9509379124825813
6,11,1.861899889237953,0.3329332693230917,4166,2.152153253555298,0.32653061224489793,833,2.1495193167577815,0.3212,0.9727201423183437,0.08336480403605824,,,0.97,,0.9700285520951957,0.029971447904804327,0.9913692139170676,0.14596663632188384,10,0.025,0.15,0.9396186410073033,0.9473019793280318,0.9365147132084027,0.9415998097152222,0.9327195149009697,0.939312277479173,0.9395406541780563,0.9431818134598344,0.944834358850603,0.9431206736312389,0.9509379124825813,1.0
