round,client_id,client_i_training_loss,client_i_training_accuracy,client_i_training_dataset_size,client_i_evaluation_loss,client_i_evaluation_accuracy,client_i_evaluation_dataset_size,client_i_central_evaluation_loss,client_i_central_evaluation_accuracy,client_i_cosine_similarity,client_i_importance_coefficient,client_i_tanh_val,tanh_normalization_value,client_i_q,client_i_mask_order,client_i_v_nonzero_fraction,client_i_v_sparsity,client_i_v_cosine_similarity,client_i_reward_gradient_norm,local_epochs,learning_rate,gamma,client_0_cosine_similarity,client_1_cosine_similarity,client_2_cosine_similarity,client_3_cosine_similarity,client_4_cosine_similarity,client_5_cosine_similarity,client_6_cosine_similarity,client_7_cosine_similarity,client_8_cosine_similarity,client_9_cosine_similarity,client_10_cosine_similarity,client_11_cosine_similarity
0,0,0.34922618912829523,0.8906,5000,2.2053410123895714,0.43764988009592326,834,2.204865771741532,0.4312,0.7853068974813227,0.08374043014485803,,,0.8658651815674846,,0.8658802268962401,0.1341197731037599,0,0.3906906252650165,5,0.1,0.5,1.0,0.5818792461607791,0.5855032637652816,0.5700950316907044,0.5753780990000507,0.5891690519857219,0.5765685554451375,0.5830275171251526,0.5861713195984268,0.5691663462453842,0.5645604603751103,0.5829873859709082
0,1,0.34545393570854216,0.89236,5000,2.2006308061105235,0.44244604316546765,834,2.204839435248329,0.431,0.7889226087608948,0.08412598796792324,,,0.9599999997558477,,0.9600020079313287,0.03999799206867127,0,0.3907435275048733,5,0.1,0.5,0.5818792461607791,1.0,0.597074087532737,0.5874785398613314,0.5738327542856236,0.5756928449435188,0.5635806981321514,0.575831825929072,0.5899909841541506,0.581606814767041,0.5907281370266707,0.5807180142892924
0,2,0.3421443029407673,0.89176,5000,2.2032100094689264,0.44364508393285373,834,2.2048808659989234,0.4311,0.7861763209061272,0.08383314025832407,,,0.8885005663353667,,0.8885146327995582,0.11148536720044178,0,0.3907153627334632,5,0.1,0.5,0.5855032637652816,0.597074087532737,1.0,0.577457670376611,0.5809222199554609,0.5706088640188686,0.569676878157133,0.5848061776266745,0.5794318256959233,0.5733705196746006,0.5771614979426897,0.5766466100493565
0,3,0.34718810645685455,0.89144,5000,2.2091318236456976,0.4136690647482014,834,2.2063040847595508,0.4256,0.7750950358732667,0.08265149830638695,,,0.6,,0.6,0.4,0,0.3885139264829607,5,0.1,0.5,0.5700950316907044,0.5874785398613314,0.577457670376611,1.0,0.5750024085646518,0.5576279018322053,0.5635543939946464,0.56872884044068,0.5712986019077837,0.5643881409781047,0.5684846640106159,0.56462456422116
0,4,0.35066933840465775,0.8896,5000,2.206159927226879,0.4177671068427371,833,2.205187385455488,0.4295,0.7801891209439533,0.08319470106747558,,,0.7326241878532621,,0.7326389237488078,0.2673610762511922,0,0.3902096141223599,5,0.1,0.5,0.5753780990000507,0.5738327542856236,0.5809222199554609,0.5750024085646518,1.0,0.572621267112538,0.5651070751788235,0.5821430239272178,0.5731631063038994,0.5653165373223799,0.5844269362220244,0.5685990025000612
0,5,0.3291859531472585,0.89644,5000,2.2002281612820096,0.4345738295318127,833,2.2050919258556427,0.4294,0.7810501353014208,0.08328651448830056,,,0.7550406430762434,,0.7550624968626073,0.2449375031373927,0,0.39035012921760265,5,0.1,0.5,0.5891690519857219,0.5756928449435188,0.5706088640188686,0.5576279018322053,0.572621267112538,1.0,0.5850393754037616,0.5684985671561019,0.5831177065751838,0.5808941150081666,0.570599895231041,0.5707173212466613
0,6,0.3482290060063646,0.89188,5000,2.215470040286029,0.39255702280912363,833,2.20601399028644,0.4266,0.7757275356597878,0.08271894430025213,,,0.6164670925869367,,0.6164851162090257,0.3835148837909743,0,0.3888282634667537,5,0.1,0.5,0.5765685554451375,0.5635806981321514,0.569676878157133,0.5635543939946464,0.5651070751788235,0.5850393754037616,1.0,0.5759853663820641,0.5705437814130545,0.5678145629774997,0.5644423139500254,0.5723592625611503
0,7,0.35676964477155426,0.88968,5000,2.2107439659259938,0.4237695078031212,833,2.205007616323404,0.4301,0.7817407638645568,0.08336015898720008,,,0.7730211147454867,,0.7730334822549069,0.22696651774509313,0,0.39044165373311396,5,0.1,0.5,0.5830275171251526,0.575831825929072,0.5848061776266745,0.56872884044068,0.5821430239272178,0.5684985671561019,0.5759853663820641,1.0,0.5735091172032184,0.5588292582065956,0.5820498861337241,0.5776539546451608
0,8,0.33340895908238116,0.89576,5000,2.207903499956484,0.4417767106842737,833,2.204872002616858,0.4312,0.7855289771416034,0.08376411139143562,,,0.8716470117047457,,0.871663069123036,0.12833693087696396,0,0.3906979944313893,5,0.1,0.5,0.5861713195984268,0.5899909841541506,0.5794318256959233,0.5712986019077837,0.5731631063038994,0.5831177065751838,0.5705437814130545,0.5735091172032184,1.0,0.5858894442683553,0.5828827695957937,0.5705902473845736
0,9,0.35482974981141696,0.88996,5000,2.2085902514281095,0.43217286914765907,833,2.205568325786164,0.428,0.7775635258578416,0.08291472331278833,,,0.6642669831550387,,0.6642789016615632,0.3357210983384368,0,0.38955575923628777,5,0.1,0.5,0.5691663462453842,0.581606814767041,0.5733705196746006,0.5643881409781047,0.5653165373223799,0.5808941150081666,0.5678145629774997,0.5588292582065956,0.5858894442683553,1.0,0.5731971478727211,0.571417054116978
0,10,0.32814868283309756,0.89636,5000,2.1998756196763782,0.43577430972388953,833,2.205033089025333,0.4298,0.7814694367711381,0.08333122628893178,,,0.7659571307507318,,0.7659756036343557,0.23402439636564432,0,0.39040672533349896,5,0.1,0.5,0.5645604603751103,0.5907281370266707,0.5771614979426897,0.5684846640106159,0.5844269362220244,0.570599895231041,0.5644423139500254,0.5820498861337241,0.5828827695957937,0.5731971478727211,1.0,0.569985356384444
0,11,0.36971145488179413,0.8872,5000,2.211983557100649,0.4345738295318127,833,2.205295010496633,0.4297,0.7790999977625384,0.08307856348612369,,,0.7042689335920952,,0.7042819135585563,0.2957180864414437,0,0.38998308932655995,5,0.1,0.5,0.5829873859709082,0.5807180142892924,0.5766466100493565,0.56462456422116,0.5685990025000612,0.5707173212466613,0.5723592625611503,0.5776539546451608,0.5705902473845736,0.571417054116978,0.569985356384444,1.0
1,0,0.3103418674533534,0.90628,5000,2.0509863606205694,0.7637889688249401,834,2.0518308420912525,0.7747,0.810049710856101,0.08361013919851575,,,0.8231928333876236,,0.8232066663320114,0.17679333366798855,0.9596947029587494,0.4047892938995458,5,0.1,0.5,1.0,0.6250317953157152,0.6222735520624447,0.6259613662205187,0.6250367784909842,0.6279026210630015,0.6271995372351726,0.6261249364464883,0.627086933888087,0.6209577648076597,0.6236974223776048,0.61902846675406
1,1,0.3004370452041269,0.9092,5000,2.041953921318054,0.8237410071942446,834,2.0517040673917095,0.7746,0.8158719609487858,0.08406796489298,,,0.9599999997011807,,0.9600020079313287,0.03999799206867127,0.9600325355216784,0.40491944188758844,5,0.1,0.5,0.6250317953157152,1.0,0.6212999804822795,0.6330469570115269,0.6268347101218401,0.6311792991792041,0.6319081619180432,0.6345652987397774,0.6287854930519505,0.6265047968167629,0.6417284574603945,0.6243991435067356
1,2,0.3030791375109819,0.90672,5000,2.0488899283938937,0.7877697841726619,834,2.0519236985106057,0.7741,0.8053687710674503,0.0835084801235377,,,0.7928151369281056,,0.7928266653280458,0.2071733346719542,0.9594637856476714,0.4046928581805755,5,0.1,0.5,0.6222735520624447,0.6212999804822795,1.0,0.6210154740287462,0.6217670234380722,0.626917618112409,0.6199122033774713,0.6210863173203529,0.6155774805713585,0.6142338371292139,0.6272783180572221,0.6129735284805381
1,3,0.3075329135249185,0.9068,5000,2.0586648693791143,0.7637889688249401,834,2.0557105034684984,0.7736,0.8092894750399346,0.08286322354564027,,,0.6,,0.6,0.4,0.9549093087723451,0.40256385498293,5,0.1,0.5,0.6259613662205187,0.6330469570115269,0.6210154740287462,1.0,0.6166029138906925,0.6235509768863994,0.6285659625260887,0.6261718002698139,0.627454394053062,0.6217094077846882,0.6258451427243509,0.6177994301027682
1,4,0.30850877536899723,0.90712,5000,2.054036440672698,0.7695078031212484,833,2.0530489964987906,0.774,0.808170704576845,0.08318365236006348,,,0.6957503229646143,,0.6957682847246625,0.30423171527533754,0.9579600077798011,0.4040549445906989,5,0.1,0.5,0.6250367784909842,0.6268347101218401,0.6217670234380722,0.6166029138906925,1.0,0.6334131710913152,0.6242531178472044,0.619159005235636,0.622940183271067,0.6122129924070242,0.6327197871896316,0.619428544618695
1,5,0.29206750258613545,0.90992,5000,2.042213784323798,0.773109243697479,833,2.0523659588810736,0.7742,0.8128687654606506,0.0834079893878909,,,0.7627865628423035,,0.7627980523066111,0.23720194769338887,0.9587360643278952,0.40456237773866766,5,0.1,0.5,0.6279026210630015,0.6311792991792041,0.626917618112409,0.6235509768863994,0.6334131710913152,1.0,0.627702118626418,0.6274323901944906,0.6301449801347851,0.6210666190658057,0.627347712073453,0.622974368465624
1,6,0.30491807420981254,0.90444,5000,2.0664267010158963,0.7695078031212484,833,2.05498423172643,0.7747,0.8107322126079262,0.08295808423541114,,,0.6283462075611288,,0.6283570101902515,0.3716429898097485,0.9554352233064062,0.40311988055597575,5,0.1,0.5,0.6271995372351726,0.6319081619180432,0.6199122033774713,0.6285659625260887,0.6242531178472044,0.627702118626418,1.0,0.6214742178124911,0.6255070116487863,0.6287316477162128,0.6294940025037749,0.6167661162572229
1,7,0.31041831029401085,0.90568,5000,2.061815041082877,0.7707082833133253,833,2.0524112028054917,0.7743,0.8093828895917435,0.08333533012424567,,,0.7410745705143804,,0.7410923146428392,0.2589076853571608,0.95873463689344,0.40443551540712946,5,0.1,0.5,0.6261249364464883,0.6345652987397774,0.6210863173203529,0.6261718002698139,0.619159005235636,0.6274323901944906,0.6214742178124911,1.0,0.6205689858225524,0.6222245386771439,0.6266926546513563,0.6199356942205784
1,8,0.2938659738618762,0.90852,5000,2.054049359427558,0.7743097238895558,833,2.0517586005000643,0.7746,0.8113967741372674,0.08367271338681588,,,0.8418912102791388,,0.8419055268309824,0.1580944731690176,0.9597786507456242,0.4048309650532682,5,0.1,0.5,0.627086933888087,0.6287854930519505,0.6155774805713585,0.627454394053062,0.622940183271067,0.6301449801347851,0.6255070116487863,0.6205689858225524,1.0,0.6270132462505198,0.6342858238432995,0.6239710933411591
1,9,0.3068957557978856,0.90372,5000,2.057599747622455,0.7683073229291717,833,2.054440047032536,0.7749,0.8064025204783433,0.08293684701808267,,,0.6220001165526441,,0.6220219868480498,0.37797801315195023,0.9559543766729951,0.40300916358295996,5,0.1,0.5,0.6209577648076597,0.6265047968167629,0.6142338371292139,0.6217094077846882,0.6122129924070242,0.6210666190658057,0.6287316477162128,0.6222245386771439,0.6270132462505198,1.0,0.6261388768577766,0.6178029099994167
1,10,0.29266940137952757,0.91048,5000,2.045547745845936,0.7695078031212484,833,2.052170817844403,0.7741,0.8144618347723525,0.08349304376440266,,,0.7882024544662013,,0.7882184629285679,0.2117815370714321,0.9590868990746753,0.4046756162473965,5,0.1,0.5,0.6236974223776048,0.6417284574603945,0.6272783180572221,0.6258451427243509,0.6327197871896316,0.627347712073453,0.6294940025037749,0.6266926546513563,0.6342858238432995,0.6261388768577766,1.0,0.6196282896004427
1,11,0.3263794210353854,0.90188,5000,2.064207589184796,0.7563025210084033,833,2.053954521307168,0.7746,0.8040271780018282,0.08296253196241386,,,0.6296752743547507,,0.6296922845238693,0.3703077154761307,0.9563383160187258,0.4031448008090172,5,0.1,0.5,0.61902846675406,0.6243991435067356,0.6129735284805381,0.6177994301027682,0.619428544618695,0.622974368465624,0.6167661162572229,0.6199356942205784,0.6239710933411591,0.6178029099994167,0.6196282896004427,1.0
2,0,0.27310396590667546,0.9184,5000,1.855186144510905,0.8764988009592326,834,1.858754472991529,0.8744,0.8119264092907588,0.08359371622041235,,,0.96,,0.9600020079313287,0.03999799206867127,0.9680491873703724,0.4048539294859981,5,0.1,0.5,1.0,0.6241239723081937,0.6270265000922366,0.6246222572722464,0.6275732203497167,0.623123472948986,0.632687367682977,0.6267474620214097,0.6314630058557623,0.6287932556804352,0.6238496767095075,0.6178487857854359
2,1,0.274260509956723,0.91748,5000,1.842161319873951,0.907673860911271,834,1.858609114972928,0.8746,0.803769517712064,0.08361258330355462,,,0.96,,0.9600020079313287,0.03999799206867127,0.9683363686505312,0.4048539294859981,5,0.1,0.5,0.6241239723081937,1.0,0.6145340350244556,0.617176651422704,0.6107852008308494,0.6240833456333357,0.6190015094286555,0.6213950108845108,0.620755286294838,0.621726647073954,0.6172124656152338,0.6156478776400662
2,2,0.27423605318151556,0.91652,5000,1.8543502578028925,0.8896882494004796,834,1.8588620965092326,0.8744,0.8092899870811001,0.08343464584485373,,,0.96,,0.9600020079313287,0.03999799206867127,0.967777003447589,0.4048539294859981,5,0.1,0.5,0.6270265000922366,0.6145340350244556,1.0,0.6174515366167853,0.6246719215281563,0.6337613172557173,0.6316467037714817,0.6305211513631942,0.6250424253580487,0.617651627524772,0.6299912550621346,0.6103512399148843
2,3,0.2818688429785287,0.91448,5000,1.8672725712811504,0.8657074340527577,834,1.863737759117882,0.8751,0.805514466760106,0.08287624232707737,,,0.96,,0.9600020079313287,0.03999799206867127,0.9622928615505412,0.4048539294859981,5,0.1,0.5,0.6246222572722464,0.617176651422704,0.6174515366167853,1.0,0.6247208471209679,0.621741824163001,0.628713250328933,0.6201290024291868,0.6285841439772606,0.6164667412881415,0.6133424499141092,0.6159977160703001
2,4,0.27452871222642194,0.91732,5000,1.8605063491397433,0.8739495798319328,833,1.860309607304704,0.8747,0.809864603187975,0.08323973660588663,,,0.96,,0.9600020079313287,0.03999799206867127,0.9660996291603431,0.4048539294859981,5,0.1,0.5,0.6275732203497167,0.6107852008308494,0.6246719215281563,0.6247208471209679,1.0,0.6349929128017655,0.62177929132585,0.6279356069932122,0.6321231624661298,0.6223038948327916,0.6235199615167208,0.6193625084811338
2,5,0.25986884994295895,0.9214,5000,1.8437186788629603,0.8943577430972389,833,1.8594154283261528,0.8743,0.8131934264716373,0.08350408729239554,,,0.96,,0.9600020079313287,0.03999799206867127,0.9674758805232807,0.4048539294859981,5,0.1,0.5,0.623123472948986,0.6240833456333357,0.6337613172557173,0.621741824163001,0.6349929128017655,1.0,0.6265564476374863,0.6307295988077256,0.6340749306927418,0.6239168782566274,0.6309228286419588,0.6170854329903469
2,6,0.2766505687123841,0.91532,5000,1.8765770373521027,0.8571428571428571,833,1.862831677872533,0.8753,0.8140198821632048,0.08323519164436252,,,0.96,,0.9600020079313287,0.03999799206867127,0.9637029848972037,0.4048539294859981,5,0.1,0.5,0.632687367682977,0.6190015094286555,0.6316467037714817,0.628713250328933,0.62177929132585,0.6265564476374863,1.0,0.6314319414602173,0.6407263802828322,0.632567229719962,0.62022163731784,0.625810117922718
2,7,0.2791760981284604,0.9154,5000,1.8733893897798326,0.8619447779111644,833,1.859491657906066,0.8741,0.8124898143391748,0.08343151096683445,,,0.96,,0.9600020079313287,0.03999799206867127,0.967147054892525,0.4048539294859981,5,0.1,0.5,0.6267474620214097,0.6213950108845108,0.6305211513631942,0.6201290024291868,0.6279356069932122,0.6307295988077256,0.6314319414602173,1.0,0.6347868866323202,0.6241002234589683,0.622228340393887,0.6245355047034393
2,8,0.2629100321187003,0.91976,5000,1.8612204171993114,0.8751500600240096,833,1.8586695719831667,0.8746,0.8167167812391499,0.08380193383995106,,,0.96,,0.9600020079313287,0.03999799206867127,0.9681311087698152,0.4048539294859981,5,0.1,0.5,0.6314630058557623,0.620755286294838,0.6250424253580487,0.6285841439772606,0.6321231624661298,0.6340749306927418,0.6407263802828322,0.6347868866323202,1.0,0.6279309763569971,0.6270967078038583,0.6316859398522798
2,9,0.28076473510569067,0.91252,5000,1.86562744334892,0.8559423769507803,833,1.8621216395411628,0.8749,0.8083209688693094,0.0830226859363799,,,0.96,,0.9600020079313287,0.03999799206867127,0.963452158695837,0.4048539294859981,5,0.1,0.5,0.6287932556804352,0.621726647073954,0.617651627524772,0.6164667412881415,0.6223038948327916,0.6239168782566274,0.632567229719962,0.6241002234589683,0.6279309763569971,1.0,0.6245427814082577,0.6158137354658225
2,10,0.2685141825431566,0.9184,5000,1.852114611201816,0.8823529411764706,833,1.859176177948047,0.8745,0.8078227674845473,0.08337333926692284,,,0.96,,0.9600020079313287,0.03999799206867127,0.9677413456464031,0.4048539294859981,5,0.1,0.5,0.6238496767095075,0.6172124656152338,0.6299912550621346,0.6133424499141092,0.6235199615167208,0.6309228286419588,0.62022163731784,0.622228340393887,0.6270967078038583,0.6245427814082577,1.0,0.6154941413452711
2,11,0.29372250063783806,0.91248,5000,1.8748987118403118,0.8571428571428571,833,1.8615026767261493,0.8749,0.803572598209236,0.082874326751369,,,0.96,,0.9600020079313287,0.03999799206867127,0.9637766418225188,0.4048539294859981,5,0.1,0.5,0.6178487857854359,0.6156478776400662,0.6103512399148843,0.6159977160703001,0.6193625084811338,0.6170854329903469,0.625810117922718,0.6245355047034393,0.6316859398522798,0.6158137354658225,0.6154941413452711,1.0
3,0,0.25543978117869065,0.92476,5000,1.6257290266178273,0.9184652278177458,834,1.6324378335818697,0.913,0.8086919928712516,0.08370671530376884,,,0.9599999996584776,,0.9600020079313287,0.03999799206867127,0.9703094286326068,0.4014760641418365,5,0.1,0.5,1.0,0.61889892380637,0.6226889005604139,0.60957612592612,0.6180213819399726,0.6230912679784667,0.6188065312162196,0.6172318270244032,0.6179474864809801,0.6197349054705787,0.6127550796050731,0.6120858154157874
3,1,0.2482820927017149,0.927,5000,1.6071835579695526,0.935251798561151,834,1.6323152738638198,0.9129,0.8029507473116974,0.0835187389882462,,,0.8958018774747524,,0.8958184830078811,0.10418151699211886,0.9702747327976641,0.4014509998119286,5,0.1,0.5,0.61889892380637,1.0,0.6149853058888172,0.608099956904841,0.6118785996356887,0.6149409044522544,0.6163536425024633,0.6141280394938072,0.6091510080390996,0.6119344223904936,0.61087405225593,0.6041771455116127
3,2,0.2451693051462032,0.92728,5000,1.6266251890747636,0.9184652278177458,834,1.632563997000551,0.9131,0.8075787037067432,0.08356229158647055,,,0.91067606529172,,0.9107022739822298,0.0892977260177702,0.9702878552267742,0.4014615277247284,5,0.1,0.5,0.6226889005604139,0.6149853058888172,1.0,0.6154408800924897,0.6249554352715123,0.6095099039563491,0.6222045859357723,0.6172012599282013,0.6084962575943907,0.6156049954898571,0.6209094459165317,0.6089358710695858
3,3,0.25787578222881646,0.92268,5000,1.6430232083355938,0.9016786570743405,834,1.6396361471365055,0.9136,0.8007123275482424,0.08295199585130975,,,0.7022464018784035,,0.702263942573164,0.29773605742683595,0.968310401555098,0.40055322134135746,5,0.1,0.5,0.60957612592612,0.608099956904841,0.6154408800924897,1.0,0.6108131463385308,0.6113809713472629,0.6143929265234964,0.6142861709161456,0.6137848898507079,0.6105822006935054,0.607902543481628,0.6010420912376552
3,4,0.25042298247942785,0.9238,5000,1.6322380701700847,0.9159663865546218,833,1.6345645322586402,0.9134,0.8035976764505571,0.08329394152430651,,,0.8190285083592506,,0.8190452286531801,0.18095477134681992,0.9700177207186217,0.4013177302300254,5,0.1,0.5,0.6180213819399726,0.6118785996356887,0.6249554352715123,0.6108131463385308,1.0,0.6224410973315543,0.6158706112341498,0.6126242493562026,0.6093983753712799,0.6056535782671765,0.6105138324407923,0.6011718376951191
3,5,0.23948161576216104,0.92788,5000,1.6108357818038375,0.9327731092436975,833,1.633213961086334,0.9134,0.80606073643672,0.08355535681383638,,,0.9083076851069788,,0.9083228753576628,0.09167712464233724,0.9702880236614079,0.4014600819855253,5,0.1,0.5,0.6230912679784667,0.6149409044522544,0.6095099039563491,0.6113809713472629,0.6224410973315543,1.0,0.6153190591558101,0.6180362956855965,0.6193212434856474,0.6085341606475086,0.6217538437224173,0.6014884488257299
3,6,0.2526650760607545,0.92432,5000,1.6530481223706845,0.8931572629051621,833,1.6375128007925357,0.9137,0.8064462215697966,0.0833904023361727,,,0.8519720362122647,,0.8519853421013002,0.14801465789869983,0.9701616607780611,0.4013950165813689,5,0.1,0.5,0.6188065312162196,0.6163536425024633,0.6222045859357723,0.6143929265234964,0.6158706112341498,0.6153190591558101,1.0,0.6200290437518239,0.615032950550503,0.6142164015390733,0.6152115526765883,0.603394452017142
3,7,0.2482787622702397,0.92472,5000,1.6511594233689484,0.9099639855942377,833,1.6334861669296654,0.9133,0.8027258229465215,0.08339073997819897,,,0.8520873485269915,,0.852105817981025,0.14789418201897497,0.9701640264518667,0.40139556104875435,5,0.1,0.5,0.6172318270244032,0.6141280394938072,0.6172012599282013,0.6142861709161456,0.6126242493562026,0.6180362956855965,0.6200290437518239,1.0,0.6047825857469517,0.6113239572053771,0.6051583525031875,0.5993249903524032
3,8,0.24262994460785275,0.92716,5000,1.6362682051128812,0.9159663865546218,833,1.6323575733568723,0.9129,0.8009842288545782,0.08357570147364228,,,0.9152558421254512,,0.9152803574117765,0.08471964258822351,0.9702943284824145,0.4014639238836739,5,0.1,0.5,0.6179474864809801,0.6091510080390996,0.6084962575943907,0.6137848898507079,0.6093983753712799,0.6193212434856474,0.615032950550503,0.6047825857469517,1.0,0.6092759568754387,0.6076804591241746,0.6007267570705871
3,9,0.2535076455847853,0.92428,5000,1.6417550290072407,0.8895558223289316,833,1.6372736589596295,0.9136,0.8013282560977075,0.08307067276582215,,,0.7427772263978223,,0.7427940364439536,0.2572059635560464,0.9691115056184701,0.40092609362367493,5,0.1,0.5,0.6197349054705787,0.6119344223904936,0.6156049954898571,0.6105822006935054,0.6056535782671765,0.6085341606475086,0.6142164015390733,0.6113239572053771,0.6092759568754387,1.0,0.614317258770965,0.6013570357092866
3,10,0.2403839917028928,0.928,5000,1.6249884146231193,0.9315726290516206,833,1.633186655684401,0.9132,0.8021155897282719,0.08333083170275729,,,0.8316273305937321,,0.8316500175693992,0.16834998243060084,0.9700863593012755,0.40135174451380135,5,0.1,0.5,0.6127550796050731,0.61087405225593,0.6209094459165317,0.607902543481628,0.6105138324407923,0.6217538437224173,0.6152115526765883,0.6051583525031875,0.6076804591241746,0.614317258770965,1.0,0.6014222327853105
3,11,0.2679478860964441,0.92088,5000,1.6557511223687067,0.8943577430972389,833,1.6390017503366683,0.9138,0.7921757474228497,0.0826526116754682,,,0.6,,0.6,0.4,0.9642995680811023,0.3988554112376763,5,0.1,0.5,0.6120858154157874,0.6041771455116127,0.6089358710695858,0.6010420912376552,0.6011718376951191,0.6014884488257299,0.603394452017142,0.5993249903524032,0.6007267570705871,0.6013570357092866,0.6014222327853105,1.0
4,0,0.23652419691822332,0.93136,5000,1.3779942282923945,0.9400479616306955,834,1.3883852673033936,0.9305,0.7971405738202344,0.08372040129559559,,,0.9599999996881817,,0.9600020079313287,0.03999799206867127,0.9694194642008792,0.3966037121237762,5,0.1,0.5,1.0,0.6038620907254129,0.606329873666851,0.5887610227940345,0.5973700151504345,0.6035553920406816,0.6052302428853354,0.5922090865143704,0.6016687277060642,0.5956661372681753,0.5971714838069295,0.5938327781219177
4,1,0.2313560586980289,0.93228,5000,1.3551713228225708,0.9568345323741008,834,1.3882704443824938,0.9305,0.7996602537169998,0.08368351732803597,,,0.9484989057057432,,0.9485066010742432,0.05149339892575677,0.9693657956497439,0.39660206396751235,5,0.1,0.5,0.6038620907254129,1.0,0.6010151114486034,0.5908693954002796,0.5988114355677432,0.6060031889673823,0.6106964336009726,0.5969986842729805,0.596255716538973,0.6056537614877597,0.6061384488562341,0.5942924237824546
4,2,0.229602782308735,0.92952,5000,1.3809630429303204,0.934052757793765,834,1.3885236989956695,0.9304,0.7971772906604268,0.0836254682693584,,,0.9303981501846983,,0.9304151398022188,0.0695848601977812,0.9693718788112233,0.3965974579217971,5,0.1,0.5,0.606329873666851,0.6010151114486034,1.0,0.5861178610422352,0.6025619847767466,0.6001065847390591,0.6103931061732148,0.603091762633853,0.5938050645965007,0.590780346706184,0.6037665925291277,0.5886807410501065
4,3,0.23475174820347197,0.93016,5000,1.4006478742316917,0.9148681055155875,834,1.3980701190595048,0.931,0.7857924764643401,0.08281965626575538,,,0.6791312665275763,,0.6791426133226244,0.3208573866773756,0.9667749437931288,0.3954150502486047,5,0.1,0.5,0.5887610227940345,0.5908693954002796,0.5861178610422352,1.0,0.5928516304251592,0.5993773028245795,0.5882433479046038,0.591687597843721,0.5832495276366015,0.5836523292337668,0.5914520452170826,0.5851521165687753
4,4,0.22999369694382713,0.9292,5000,1.3859375317891438,0.9315726290516206,833,1.3910394343324364,0.9307,0.7922227674066769,0.0832729523452212,,,0.820477253869653,,0.8204959590382009,0.17950404096179906,0.9688866868753249,0.39644328789696986,5,0.1,0.5,0.5973700151504345,0.5988114355677432,0.6025619847767466,0.5928516304251592,1.0,0.6021262153895226,0.5996092079311041,0.585119772505161,0.5959877187016412,0.5918303933841547,0.5934861570559429,0.581039029626372
4,5,0.2134714916633193,0.93592,5000,1.3615635412710685,0.9411764705882353,833,1.3892259319750264,0.9307,0.7978134373562024,0.08364315463336289,,,0.9359130811447254,,0.9359319311279555,0.06406806887204453,0.9693747109418399,0.3965991648036966,5,0.1,0.5,0.6035553920406816,0.6060031889673823,0.6001065847390591,0.5993773028245795,0.6021262153895226,1.0,0.6013127479094152,0.5957834941905178,0.5995641572170392,0.5919830235960474,0.6001195192003965,0.5929003283587485
4,6,0.22977724670177432,0.9308,5000,1.4098502309234053,0.9111644657863145,833,1.3940704771504997,0.931,0.7998507445958425,0.0836046942166337,,,0.9239204215510656,,0.9239295216103609,0.0760704783896391,0.9692453317372602,0.3965950742831868,5,0.1,0.5,0.6052302428853354,0.6106964336009726,0.6103931061732148,0.5882433479046038,0.5996092079311041,0.6013127479094152,1.0,0.6029879252272705,0.6028956315241721,0.604366767930189,0.5949897492981832,0.592208370905616
4,7,0.22906870062279094,0.93176,5000,1.412154405205338,0.9303721488595438,833,1.3899356035378794,0.9308,0.7896255241764726,0.08324637042653613,,,0.8121885266730362,,0.8122082224787912,0.1877917775212088,0.9689647157392226,0.39641690175827493,5,0.1,0.5,0.5922090865143704,0.5969986842729805,0.603091762633853,0.591687597843721,0.585119772505161,0.5957834941905178,0.6029879252272705,1.0,0.5895792225680768,0.5935665348504623,0.5821328567113954,0.5825034703127384
4,8,0.22331209347055406,0.9318,5000,1.393495546446906,0.9399759903961584,833,1.388414002835941,0.9307,0.791946936093445,0.08345099934827291,,,0.8759955576443053,,0.8760102404497766,0.1239897595502234,0.9693031620512625,0.3965589069129813,5,0.1,0.5,0.6016687277060642,0.596255716538973,0.5938050645965007,0.5832495276366015,0.5959877187016412,0.5995641572170392,0.6028956315241721,0.5895792225680768,1.0,0.5843619956769535,0.6001674295398568,0.5892788722440043
4,9,0.2330837043506467,0.92848,5000,1.400460539040742,0.9159663865546218,833,1.3947372272753487,0.9308,0.7898010397697984,0.08303928410112817,,,0.7476152324051379,,0.7476331509462376,0.2523668490537624,0.9678377338888013,0.3960876789549773,5,0.1,0.5,0.5956661372681753,0.6056537614877597,0.590780346706184,0.5836523292337668,0.5918303933841547,0.5919830235960474,0.604366767930189,0.5935665348504623,0.5843619956769535,1.0,0.5940829042602235,0.5829416810081423
4,10,0.22151806376352431,0.93196,5000,1.380710729846248,0.943577430972389,833,1.3894493789337694,0.9306,0.7930808626733747,0.08332761919509171,,,0.8375233749809031,,0.8375382761909542,0.16246172380904578,0.9690160035830654,0.3964906035160812,5,0.1,0.5,0.5971714838069295,0.6061384488562341,0.6037665925291277,0.5914520452170826,0.5934861570559429,0.6001195192003965,0.5949897492981832,0.5821328567113954,0.6001674295398568,0.5940829042602235,1.0,0.5852893367567997
4,11,0.25249584176522755,0.92528,5000,1.4189810223049588,0.907563025210084,833,1.3991562813615646,0.9319,0.7842435674825956,0.08256588257500812,,,0.6,,0.6,0.4,0.9640886430440903,0.39400221045627576,5,0.1,0.5,0.5938327781219177,0.5942924237824546,0.5886807410501065,0.5851521165687753,0.581039029626372,0.5929003283587485,0.592208370905616,0.5825034703127384,0.5892788722440043,0.5829416810081423,0.5852893367567997,1.0
5,0,0.2101830434976561,0.93756,5000,1.1242563238850347,0.9484412470023981,834,1.1380279359345238,0.9413,0.7877528844993724,0.0837727098470607,,,0.9599999997561628,,0.9600020079313287,0.03999799206867127,0.96794628728928,0.39132420859737405,5,0.1,0.5,1.0,0.5825155763481502,0.578881124344579,0.5782287326669711,0.5850674329315361,0.5838919564738367,0.5918977298442106,0.5846890570222821,0.5862142888839563,0.5796191096688322,0.5766426198978759,0.5686588840753755
5,1,0.21410451609593859,0.93768,5000,1.0977582975670144,0.9616306954436451,834,1.1379216892269854,0.9413,0.7838734617538254,0.08361138679403439,,,0.9206634447914952,,0.920686712514432,0.07931328748556798,0.9679059627018413,0.39131321936837277,5,0.1,0.5,0.5825155763481502,1.0,0.5723240023882777,0.5757212961323299,0.577927432139507,0.5796273425512326,0.5875350777054846,0.5825240957854123,0.5774759149327993,0.5765780512787416,0.5840464543000331,0.5637684209518049
5,2,0.20963938600757415,0.9352,5000,1.129042559199863,0.9400479616306955,834,1.138179483695533,0.9411,0.7829077833404976,0.08353852682175361,,,0.9028974761305901,,0.9029115004266854,0.09708849957331456,0.967874598252511,0.3913019700326036,5,0.1,0.5,0.578881124344579,0.5723240023882777,1.0,0.5762230521273484,0.5802151920792512,0.5766758000172604,0.5863385265467754,0.5809196282262791,0.5750039274507006,0.5713362612149469,0.5865793781781007,0.5668233704590823
5,3,0.21705231629816257,0.93548,5000,1.1507541206147935,0.9304556354916067,834,1.148636964944224,0.9407,0.7794294214256863,0.08287675376263642,,,0.7415326133551885,,0.7415541388484513,0.25844586115154866,0.965193808788678,0.39073441777185297,5,0.1,0.5,0.5782287326669711,0.5757212961323299,0.5762230521273484,1.0,0.5812021004946842,0.5787548458986215,0.576555341110815,0.5716361115779469,0.5725326465884155,0.5665200442913797,0.5810887202561631,0.5642533797375876
5,4,0.21257436074862246,0.93536,5000,1.1327843025878623,0.9471788715486195,833,1.1408276976868748,0.9414,0.7837000080175835,0.08333052234972593,,,0.8521782565688392,,0.8521961748908188,0.14780382510918122,0.9675110768160543,0.39123468613899864,5,0.1,0.5,0.5850674329315361,0.577927432139507,0.5802151920792512,0.5812021004946842,1.0,0.5847820682353218,0.5831591154759794,0.5823382607852787,0.5795279589879264,0.5637780513008087,0.5756933147952679,0.5667713658282667
5,5,0.2018188401433835,0.93944,5000,1.1072378268948309,0.9507803121248499,833,1.1388808639285664,0.941,0.7840087524418904,0.08358914075251209,,,0.9152390332230778,,0.915260278098489,0.08473972190151102,0.9678895630428025,0.3913102512262554,5,0.1,0.5,0.5838919564738367,0.5796273425512326,0.5766758000172604,0.5787548458986215,0.5847820682353218,1.0,0.5838366777500442,0.5856033695839755,0.5780392733945225,0.5651877914192437,0.583395080708393,0.5616807337224566
5,6,0.2114145102596302,0.9368,5000,1.1599696940845914,0.9231692677070829,833,1.1438829177103864,0.9407,0.7892108141713372,0.0837466280107126,,,0.9536402788741192,,0.9536519251041614,0.04634807489583859,0.9679194918522299,0.3913233225504464,5,0.1,0.5,0.5918977298442106,0.5875350777054846,0.5863385265467754,0.576555341110815,0.5831591154759794,0.5838366777500442,1.0,0.590115405340016,0.5856145708216807,0.5771057235297183,0.5799926004988039,0.5683513112526469
5,7,0.2146939325199765,0.93664,5000,1.1656966121108443,0.9375750300120048,833,1.139625033250632,0.9412,0.7869996771893911,0.0834289533507795,,,0.8761793922437233,,0.8761959740976859,0.1238040259023141,0.9674739228897457,0.39127485542127866,5,0.1,0.5,0.5846890570222821,0.5825240957854123,0.5809196282262791,0.5716361115779469,0.5823382607852787,0.5856033695839755,0.590115405340016,1.0,0.5864171634695016,0.5829676357722269,0.5772548567944575,0.5670760048328268
5,8,0.20305477325347768,0.93772,5000,1.1424434736922935,0.9471788715486195,833,1.13808218758708,0.9411,0.7840036886671509,0.08346036973012023,,,0.8838398729347624,,0.8838512122885397,0.11614878771146031,0.9677883642072794,0.3912842216736981,5,0.1,0.5,0.5862142888839563,0.5774759149327993,0.5750039274507006,0.5725326465884155,0.5795279589879264,0.5780392733945225,0.5856145708216807,0.5864171634695016,1.0,0.5759696107082674,0.583120986591951,0.5624864598006667
5,9,0.2191349953875705,0.93296,5000,1.1517757265656083,0.9303721488595438,833,1.1451441045767201,0.9411,0.7767204553280401,0.08292831701522138,,,0.7541056503850196,,0.7541187691380955,0.2458812308619045,0.9664517883613273,0.390825222458608,5,0.1,0.5,0.5796191096688322,0.5765780512787416,0.5713362612149469,0.5665200442913797,0.5637780513008087,0.5651877914192437,0.5771057235297183,0.5829676357722269,0.5759696107082674,1.0,0.579409385156139,0.5576491556382838
5,10,0.2019089733994904,0.94024,5000,1.1294042225237246,0.9495798319327731,833,1.1391357366269388,0.9411,0.7852124506666067,0.08342037687048207,,,0.8740881276519944,,0.8741027056874655,0.1258972943125345,0.967611260056515,0.39127206736006437,5,0.1,0.5,0.5766426198978759,0.5840464543000331,0.5865793781781007,0.5810887202561631,0.5756933147952679,0.583395080708393,0.5799926004988039,0.5772548567944575,0.583120986591951,0.579409385156139,1.0,0.5672198969555506
5,11,0.23317872063986436,0.93096,5000,1.1747919895030834,0.9255702280912365,833,1.1524684322527803,0.9411,0.7677715329803753,0.08229631469496108,,,0.6,,0.6,0.4,0.9621714600244896,0.3886408359239788,5,0.1,0.5,0.5686588840753755,0.5637684209518049,0.5668233704590823,0.5642533797375876,0.5667713658282667,0.5616807337224566,0.5683513112526469,0.5670760048328268,0.5624864598006667,0.5576491556382838,0.5672198969555506,1.0
6,0,0.19491459962253452,0.94216,5000,0.8867845336596171,0.9532374100719424,834,0.9035350042410171,0.9468,0.7714870756301814,0.08371136161122804,,,0.9582460879011014,,0.9582551076753175,0.04174489232468248,0.9663968223361579,0.38458518708338907,5,0.1,0.5,1.0,0.5631244616246885,0.555308855101757,0.5512617629774748,0.5629122023614151,0.5586198813621398,0.5607728041176078,0.5545861172703175,0.5502574595594955,0.5535780850132923,0.5467699547295991,0.5613505054082628
6,1,0.1965481442449745,0.94248,5000,0.8580755326482985,0.9628297362110312,834,0.9034385054637069,0.9468,0.7710301343514177,0.08358659774232487,,,0.9241433090402043,,0.9241554138848451,0.07584458611515488,0.9663642217259354,0.3845772237023851,5,0.1,0.5,0.5631244616246885,1.0,0.5485805170231396,0.5553579134322917,0.5551207742957301,0.5618657353852329,0.5612200889718891,0.5583065420802362,0.54749961463934,0.5617522073990755,0.5524579695280757,0.5498009833600389
6,2,0.1940887658969517,0.94172,5000,0.8927217125892639,0.9484412470023981,834,0.9037218914626125,0.9471,0.7682805202902383,0.08344015923401432,,,0.884116015004381,,0.8841273028462426,0.11587269715375736,0.9662962485615081,0.3845469680586962,5,0.1,0.5,0.555308855101757,0.5485805170231396,1.0,0.5572289559569295,0.5537341973676052,0.5590787983206081,0.5590867488690497,0.5551669618267853,0.5448269614417862,0.5487379374299727,0.5579823704915889,0.550386515230821
6,3,0.2015454399639705,0.94012,5000,0.9161802574440285,0.9364508393285371,834,0.9136648654176024,0.9462,0.7707379325737737,0.08308180679215589,,,0.7861644671211948,,0.786180412629888,0.21381958737011197,0.9649826583134126,0.38427390330961514,5,0.1,0.5,0.5512617629774748,0.5553579134322917,0.5572289559569295,1.0,0.5574656575784736,0.5643691322314185,0.5574283557993267,0.5586076869422528,0.55549124535246,0.5504596399148,0.5620632697680003,0.5465099483160668
6,4,0.19499060607509344,0.94044,5000,0.8945586173622696,0.9531812725090036,833,0.9061896698162578,0.9469,0.7713304438377565,0.0834082016487041,,,0.8753807739899462,,0.8753978213945083,0.12460217860549172,0.9661869676187979,0.3845359776426699,5,0.1,0.5,0.5629122023614151,0.5551207742957301,0.5537341973676052,0.5574656575784736,1.0,0.5703941959778202,0.5576940147209667,0.553354438388408,0.5533282950088532,0.5511619826884238,0.5558382834376894,0.5482680613754465
6,5,0.18317799427469444,0.94432,5000,0.871685238900008,0.9591836734693877,833,0.9043466283109622,0.9468,0.7741960416252149,0.08368377224360553,,,0.9507048493100421,,0.9507253651925104,0.049274634807489615,0.9663671156212367,0.38458422951751803,5,0.1,0.5,0.5586198813621398,0.5618657353852329,0.5590787983206081,0.5643691322314185,0.5703941959778202,1.0,0.5643206264499896,0.5595663920372849,0.5562202412004728,0.5517517057527448,0.5502465734850531,0.5479402549892879
6,6,0.19928454112522542,0.9396,5000,0.9256825204248782,0.9303721488595438,833,0.9090781366101469,0.947,0.7721637716687332,0.08371777823862267,,,0.9599999997266614,,0.9600020079313287,0.03999799206867127,0.9663961150583976,0.38458535508461666,5,0.1,0.5,0.5607728041176078,0.5612200889718891,0.5590867488690497,0.5574283557993267,0.5576940147209667,0.5643206264499896,1.0,0.552120180180671,0.5537726842487853,0.5560931769307197,0.5528055436595058,0.5494801433034407
6,7,0.197589490287433,0.94056,5000,0.9333536492453681,0.9447779111644657,833,0.905068714588214,0.9471,0.7681692702427071,0.08336247064233425,,,0.8628807256103319,,0.8628934290447267,0.13710657095527334,0.9662063330893154,0.3845174326389809,5,0.1,0.5,0.5545861172703175,0.5583065420802362,0.5551669618267853,0.5586076869422528,0.553354438388408,0.5595663920372849,0.552120180180671,1.0,0.5494796559281881,0.5546053398911679,0.549569966611007,0.5442797345921665
6,8,0.18938635311202165,0.94288,5000,0.9066826745315835,0.9519807923169268,833,0.903620559948321,0.9472,0.7642119594423039,0.08324343401078832,,,0.8303434216805583,,0.8303599216906782,0.16964007830932182,0.96608168365464,0.3844454275718533,5,0.1,0.5,0.5502574595594955,0.54749961463934,0.5448269614417862,0.55549124535246,0.5533282950088532,0.5562202412004728,0.5537726842487853,0.5494796559281881,1.0,0.5462118384735175,0.5501012169745366,0.5458046582284863
6,9,0.20164049861501832,0.93672,5000,0.9202581776512994,0.9315726290516206,833,0.9104628250621759,0.9471,0.7675813897371008,0.0830046957768269,,,0.7650870516272525,,0.7651071733346719,0.23489282666532807,0.9650763977792913,0.3841566499845074,5,0.1,0.5,0.5535780850132923,0.5617522073990755,0.5487379374299727,0.5504596399148,0.5511619826884238,0.5517517057527448,0.5560931769307197,0.5546053398911679,0.5462118384735175,1.0,0.5626046221951898,0.5499674582322314
6,10,0.1859492965801886,0.9434,5000,0.8933976380913345,0.9531812725090036,833,0.9046128375080827,0.947,0.7682340131209168,0.08335899170576273,,,0.8619297980251865,,0.861944681491893,0.13805531850810704,0.9662027987127216,0.38451580855246964,5,0.1,0.5,0.5467699547295991,0.5524579695280757,0.5579823704915889,0.5620632697680003,0.5558382834376894,0.5502465734850531,0.5528055436595058,0.549569966611007,0.5501012169745366,0.5626046221951898,1.0,0.5500550392455087
6,11,0.21324816034976274,0.93692,5000,0.9447263876597086,0.9327731092436975,833,0.9206090236243348,0.9465,0.7625395128364758,0.0824007303536323,,,0.6,,0.6,0.4,0.9604548940818541,0.3818810409130584,5,0.1,0.5,0.5613505054082628,0.5498009833600389,0.550386515230821,0.5465099483160668,0.5482680613754465,0.5479402549892879,0.5494801433034407,0.5442797345921665,0.5458046582284863,0.5499674582322314,0.5500550392455087,1.0
7,0,0.18635254576505655,0.94424,5000,0.6822875649840744,0.9580335731414868,834,0.7006784688931303,0.9518,0.7453158845578227,0.08336702499121552,,,0.836169349285411,,0.8361879423723708,0.16381205762762918,0.9634433559985214,0.3756500542378536,5,0.1,0.5,1.0,0.5191157800559925,0.5211671689312772,0.5068773362616825,0.5209801647879428,0.5238636506700685,0.5290935877472743,0.5185218125523435,0.5248648963210683,0.5193837359762853,0.5144511410075581,0.5212617433682656
