round,client_id,client_i_training_loss,client_i_training_accuracy,client_i_training_dataset_size,client_i_evaluation_loss,client_i_evaluation_accuracy,client_i_evaluation_dataset_size,client_i_central_evaluation_loss,client_i_central_evaluation_accuracy,client_i_cosine_similarity,client_i_importance_coefficient,client_i_tanh_val,tanh_normalization_value,client_i_q,client_i_mask_order,client_i_v_nonzero_fraction,client_i_v_sparsity,client_i_v_cosine_similarity,client_i_reward_gradient_norm,local_epochs,learning_rate,gamma,client_0_cosine_similarity,client_1_cosine_similarity,client_2_cosine_similarity,client_3_cosine_similarity,client_4_cosine_similarity,client_5_cosine_similarity,client_6_cosine_similarity,client_7_cosine_similarity,client_8_cosine_similarity,client_9_cosine_similarity,client_10_cosine_similarity,client_11_cosine_similarity
0,0,2.2657986958821614,0.14994000479961603,4167,2.2967476844787598,0.12709832134292565,834,2.2984580691856675,0.1068,0.9722244460115996,0.08312825255534437,,,0.8516759278966217,,0.8517189021471836,0.1482810978528164,0,0.1461882630674266,10,0.025,0.15,1.0,0.924391152172027,0.9498525384466905,0.9562509140218378,0.9271679496072996,0.9485449042364739,0.9469101814819109,0.9414738773841612,0.9365130780641088,0.9432696401754405,0.9428045667127923,0.9534444133434491
0,1,2.2611972671566587,0.13551715862730981,4167,2.2970952647072926,0.11630695443645084,834,2.298458253281026,0.1068,0.9734848194161551,0.08323601845149904,,,0.8670307496279642,,0.8670594642768727,0.13294053572312725,0,0.146189643321598,10,0.025,0.15,0.924391152172027,1.0,0.921393184059347,0.943237840305396,0.9458448832416925,0.9449090314459088,0.9540880867364582,0.9497916753211173,0.9539680211522737,0.9174265695935375,0.9670852652409384,0.9632331548703872
0,2,2.2585361487937696,0.15634749220062394,4167,2.300499439239502,0.10071942446043165,834,2.2984590771832045,0.1068,0.9684182187922076,0.08280280813880593,,,0.8053055901764564,,0.8053423775808288,0.19465762241917117,0,0.14617954977565856,10,0.025,0.15,0.9498525384466905,0.921393184059347,1.0,0.9444511883267438,0.9261331343282033,0.9479158426999192,0.9396651634510541,0.9325893255271729,0.9350048915237006,0.9475980692117753,0.9406167197444772,0.9408882216766705
0,3,2.2670467961918224,0.14288456923446125,4167,2.2985382080078125,0.11630695443645084,834,2.298457882072352,0.1068,0.9769258281574954,0.08353023553775803,,,0.9089517197216725,,0.9090046376524566,0.09099536234754335,0,0.14619236579402298,10,0.025,0.15,0.9562509140218378,0.943237840305396,0.9444511883267438,1.0,0.9409976699046734,0.9459451923923824,0.964750437706501,0.9367230951227905,0.9477829015291772,0.9216486578256443,0.9651499514510571,0.9586699968720035
0,4,2.269602831927213,0.13950083993280538,4167,2.3000552313668385,0.08763505402160865,833,2.2984584041788607,0.1068,0.971600349835351,0.08307489036642714,,,0.8440727164238355,,0.844118763512733,0.15588123648726704,0,0.14618738301560782,10,0.025,0.15,0.9271679496072996,0.9458448832416925,0.9261331343282033,0.9409976699046734,1.0,0.9533997090190618,0.9477454414082249,0.9566306815915557,0.9509301873031103,0.9248499621126752,0.9498814946274879,0.9397410337415534
0,5,2.264890589136066,0.14322054235661147,4167,2.29894689151219,0.11044417767106843,833,2.298457990718793,0.1068,0.9783559884270444,0.08365251874568332,,,0.9263750134113067,,0.9264164644914261,0.07358353550857388,0,0.1461928503471807,10,0.025,0.15,0.9485449042364739,0.9449090314459088,0.9479158426999192,0.9459451923923824,0.9533997090190618,1.0,0.9413739737592931,0.9563939434447459,0.9624519169002805,0.9303051814604244,0.9522508948303676,0.9588448632040769
0,6,2.2719438220515396,0.15123590112790977,4167,2.300245795931135,0.10324129651860744,833,2.298457954503313,0.1068,0.9775437449348576,0.08358306936860592,,,0.916479649085234,,0.9165140037299269,0.08348599627007314,0,0.14619260476009116,10,0.025,0.15,0.9469101814819109,0.9540880867364582,0.9396651634510541,0.964750437706501,0.9477454414082249,0.9413739737592931,1.0,0.9471413986121263,0.9514657797128976,0.9218489561184212,0.9593447441616826,0.9584994322396809
0,7,2.274310692873868,0.15188384929205664,4167,2.2991072790963307,0.07923169267707082,833,2.298458253281026,0.1068,0.9757332816858766,0.0834282690580183,,,0.8944232169685482,,0.8944645244343219,0.1055354755656781,0,0.14619170225942427,10,0.025,0.15,0.9414738773841612,0.9497916753211173,0.9325893255271729,0.9367230951227905,0.9566306815915557,0.9563939434447459,0.9471413986121263,1.0,0.9603337006448022,0.9386235788571331,0.9468959169783258,0.9450638113019191
0,8,2.2713694355704566,0.1528324531925108,4166,2.2991983549935475,0.11404561824729892,833,2.298458014862447,0.1068,0.978253280948105,0.0836437369327145,,,0.9251237532499228,,0.9251704048456041,0.07482959515439591,0,0.14619282856916588,10,0.025,0.15,0.9365130780641088,0.9539680211522737,0.9350048915237006,0.9477829015291772,0.9509301873031103,0.9624519169002805,0.9514657797128976,0.9603337006448022,1.0,0.9206462994247347,0.9614382923800804,0.9606085858072646
0,9,2.271457172162605,0.15060009601536245,4166,2.295903069632394,0.1092436974789916,833,2.298443987399717,0.1048,0.9597743955338432,0.08206373402293403,,,0.7,,0.7000132032810154,0.29998679671898465,0,0.14605672115508772,10,0.025,0.15,0.9432696401754405,0.9174265695935375,0.9475980692117753,0.9216486578256443,0.9248499621126752,0.9303051814604244,0.9218489561184212,0.9386235788571331,0.9206462994247347,1.0,0.9219995511896418,0.9368099671493499
0,10,2.269121276248585,0.14899183869419108,4166,2.297251054218837,0.10084033613445378,833,2.2984579997726633,0.1068,0.9812243367763,0.08389777156458927,,,0.9613194016434172,,0.9613556468782493,0.03864435312175074,0,0.14619333031672088,10,0.025,0.15,0.9428045667127923,0.9670852652409384,0.9406167197444772,0.9651499514510571,0.9498814946274879,0.9522508948303676,0.9593447441616826,0.9468959169783258,0.9614382923800804,0.9219995511896418,1.0,0.9684235925055671
0,11,2.265282463304924,0.14798367738838214,4166,2.2985280581883023,0.11524609843937575,833,2.298457972611053,0.1068,0.9819368683390957,0.08395869525761995,,,0.9699999998575168,,0.9700285520951957,0.029971447904804327,0,0.14619337988605854,10,0.025,0.15,0.9534444133434491,0.9632331548703872,0.9408882216766705,0.9586699968720035,0.9397410337415534,0.9588448632040769,0.9584994322396809,0.9450638113019191,0.9606085858072646,0.9368099671493499,0.9684235925055671,1.0
1,0,2.13955529386347,0.22762179025677945,4167,2.28309212412153,0.17146282973621102,834,2.285323722453057,0.1602,0.985581438616483,0.08322488423735015,,,0.8422607315648644,,0.8422950603224901,0.15770493967750987,0.8565437736774506,0.14771496607420198,10,0.025,0.15,1.0,0.966639027996115,0.9636867487885267,0.9684793376837798,0.9645949988894646,0.9686259320964883,0.9661969562624887,0.9691799671335374,0.9659168164522525,0.9732031351525796,0.9720060420283898,0.971442075971109
1,1,2.1364178559996865,0.21178305735541156,4167,2.2830329963139127,0.18225419664268586,834,2.2853235655193087,0.1602,0.9844127172495448,0.08325339888059244,,,0.8488130496111167,,0.848863692627618,0.15113630737238204,0.856536577363897,0.14771751868212493,10,0.025,0.15,0.966639027996115,1.0,0.960904279520215,0.966100683345887,0.9672884223517918,0.9656593634903639,0.9641190910266882,0.9706120994440501,0.9682502982082818,0.9680272859026723,0.9673464999622704,0.9711247847442649
1,2,2.1253925811160697,0.22898968082553395,4167,2.2873054572514127,0.1510791366906475,834,2.285366302804102,0.1602,0.9829158921914469,0.0829377688531664,,,0.7762851099462118,,0.7763281675496361,0.22367183245036393,0.8553483936004908,0.14763721521025996,10,0.025,0.15,0.9636867487885267,0.960904279520215,1.0,0.9662910512483948,0.9670399420695297,0.9666569205650996,0.9686773793439729,0.962054399673226,0.9650836888002805,0.9682525837071579,0.9670496194755899,0.9629478787901672
1,3,2.1365624727624835,0.2170386369090473,4167,2.286632537841797,0.15947242206235013,834,2.285321567631975,0.1602,0.9851072651686511,0.08345731210761452,,,0.8956698279314206,,0.8957105840801439,0.10428941591985608,0.8566559466259391,0.1477357469070489,10,0.025,0.15,0.9684793376837798,0.966100683345887,0.9662910512483948,1.0,0.9657471206149763,0.9668682625667472,0.9663424206578684,0.9666319736849602,0.9685993413548422,0.9710811109412207,0.969011014307225,0.9690861538884107
1,4,2.1433201226321135,0.21792656587473003,4167,2.288069486618042,0.12605042016806722,833,2.285325002066697,0.1602,0.984499499879425,0.08315688300385929,,,0.8266348755587526,,0.8266739284712251,0.17332607152877488,0.8564776122942253,0.14770781440857414,10,0.025,0.15,0.9645949988894646,0.9672884223517918,0.9670399420695297,0.9657471206149763,1.0,0.961859342553722,0.9686561028905308,0.9693287450342408,0.9679913186061385,0.9691092940505347,0.9708445743925866,0.9647796787494866
1,5,2.1338923732439676,0.22373410127189824,4167,2.286499466214861,0.15126050420168066,833,2.2853215314164945,0.1602,0.9818864167219576,0.08342819277138974,,,0.8889785587957941,,0.8890016669142282,0.11099833308577178,0.8566488091903335,0.1477343315559742,10,0.025,0.15,0.9686259320964883,0.9656593634903639,0.9666569205650996,0.9668682625667472,0.961859342553722,1.0,0.9608741427065753,0.9604194574968582,0.9613719210274755,0.9642835903116681,0.9606220555211576,0.9688727366018148
1,6,2.1534297079750986,0.21727861771058316,4167,2.286740711757115,0.17406962785114047,833,2.285325877274139,0.1602,0.9851946082109289,0.08349271685169513,,,0.9038054073104491,,0.9038471060058425,0.0961528939941575,0.856591993119256,0.14774811091419657,10,0.025,0.15,0.9661969562624887,0.9641190910266882,0.9686773793439729,0.9663424206578684,0.9686561028905308,0.9608741427065753,1.0,0.9684128367843284,0.9712757018157419,0.9699645816623833,0.9689030844710175,0.9718177194848466
1,7,2.142414410909017,0.22174226061915048,4167,2.286027806145804,0.14165666266506602,833,2.285322156133531,0.1602,0.9854006279323719,0.08340397067832434,,,0.8834126165477387,,0.8834645409384232,0.11653545906157681,0.8566299745462724,0.14773316663859004,10,0.025,0.15,0.9691799671335374,0.9706120994440501,0.962054399673226,0.9666319736849602,0.9693287450342408,0.9604194574968582,0.9684128367843284,1.0,0.9705506939787967,0.9700286417225763,0.9689438547562612,0.9715525413332909
1,8,2.1425522858446295,0.2200912145943351,4166,2.286853722163609,0.16326530612244897,833,2.2853258259688753,0.1602,0.9855246992513192,0.08354082713638403,,,0.9148605653181758,,0.9148966018055487,0.08510339819445134,0.8566035295689314,0.14774986107916727,10,0.025,0.15,0.9659168164522525,0.9682502982082818,0.9650836888002805,0.9685993413548422,0.9679913186061385,0.9613719210274755,0.9712757018157419,0.9705506939787967,1.0,0.9675715673807375,0.9722488284289925,0.9701833810712651
1,9,2.141706677639123,0.21982717234757562,4166,2.2818715572357178,0.1752701080432173,833,2.2853693117069294,0.1586,0.9867265483551814,0.08260578821983024,,,0.7,,0.7000132032810154,0.29998679671898465,0.8546467825864086,0.1474974015521398,10,0.025,0.15,0.9732031351525796,0.9680272859026723,0.9682525837071579,0.9710811109412207,0.9691092940505347,0.9642835903116681,0.9699645816623833,0.9700286417225763,0.9675715673807375,1.0,0.9689244012292885,0.9734453197727083
1,10,2.1486190022844256,0.2158185309649544,4166,2.284090518951416,0.15966386554621848,833,2.285325946687143,0.1602,0.9861422969093354,0.0837174720977333,,,0.9554514279915666,,0.9554884388770609,0.04451156112293908,0.856612841708757,0.14775348412879208,10,0.025,0.15,0.9720060420283898,0.9673464999622704,0.9670496194755899,0.969011014307225,0.9708445743925866,0.9606220555211576,0.9689030844710175,0.9689438547562612,0.9722488284289925,0.9689244012292885,1.0,0.9704241325899765
1,11,2.133151585405523,0.22527604416706673,4166,2.2845563888549805,0.16926770708283315,833,2.2853257837174814,0.1602,0.9869360761564792,0.08378078516206022,,,0.9699999997702121,,0.9700285520951957,0.029971447904804327,0.8566322309601655,0.14775393883010698,10,0.025,0.15,0.971442075971109,0.9711247847442649,0.9629478787901672,0.9690861538884107,0.9647796787494866,0.9688727366018148,0.9718177194848466,0.9715525413332909,0.9701833810712651,0.9734453197727083,0.9704241325899765,1.0
2,0,2.0595515229485253,0.2631149508039357,4167,2.262893029621669,0.19784172661870503,834,2.2655978082101558,0.1841,0.9817367735889713,0.08327655370211341,,,0.97,,0.9700285520951957,0.029971447904804327,0.9696327638055088,0.14721346530729226,10,0.025,0.15,1.0,0.9605644101146409,0.95753920157505,0.9606675747014529,0.9550928727663602,0.9591506863395879,0.9586523517198854,0.9614065494445546,0.9591600829070377,0.9634699338363502,0.9634784173381977,0.9628598538723407
2,1,2.055388955636458,0.25224382049436045,4167,2.2617835657937184,0.20983213429256595,834,2.2655971925469895,0.1841,0.9816150984916534,0.08329020356934119,,,0.97,,0.9700285520951957,0.029971447904804327,0.9696603094373546,0.14721346530729226,10,0.025,0.15,0.9605644101146409,1.0,0.954760308490218,0.9581931255354929,0.9596972408661135,0.9574719091657734,0.9564052148214501,0.9645352542278444,0.9637492487217456,0.9601864016632046,0.9595241936427642,0.9654760379604512
2,2,2.0422447070930945,0.26611471082313415,4167,2.2675531932285855,0.17865707434052758,834,2.2656432707098464,0.1839,0.9788158722555635,0.08300440012988987,,,0.97,,0.9700285520951957,0.029971447904804327,0.9691594077396064,0.14721346530729226,10,0.025,0.15,0.95753920157505,0.954760308490218,1.0,0.9557383386505736,0.9585478293048788,0.9604066433950987,0.9606100962900811,0.9538095475389067,0.9579656064482731,0.9593573056610495,0.9552688026732027,0.9538484537149244
2,3,2.0523473096616343,0.2593952483801296,4167,2.268629823412214,0.17266187050359713,834,2.2655936675735666,0.1841,0.9816481652607616,0.08341716224911931,,,0.97,,0.9700285520951957,0.029971447904804327,0.9698680407356131,0.14721346530729226,10,0.025,0.15,0.9606675747014529,0.9581931255354929,0.9557383386505736,1.0,0.9575773562234957,0.9608171809853032,0.959486713973924,0.9585085843356064,0.9641955168727339,0.9646033112613761,0.9602869541776131,0.960830390129828
2,4,2.0630724202502857,0.25785937125029995,4167,2.27009654045105,0.148859543817527,833,2.2656001833420767,0.1841,0.9803570923632662,0.08318974545956438,,,0.97,,0.9700285520951957,0.029971447904804327,0.9695436613364927,0.14721346530729226,10,0.025,0.15,0.9550928727663602,0.9596972408661135,0.9585478293048788,0.9575773562234957,1.0,0.9542424354895895,0.9594426719945423,0.9613032215425675,0.9599041767522963,0.9625177527582807,0.9613764950859984,0.9561760145478447
2,5,2.051222854310816,0.2653707703383729,4167,2.267779690878732,0.18007202881152462,833,2.265593546855299,0.1841,0.9786465666453444,0.08330165858785654,,,0.97,,0.9700285520951957,0.029971447904804327,0.9698546996553784,0.14721346530729226,10,0.025,0.15,0.9591506863395879,0.9574719091657734,0.9604066433950987,0.9608171809853032,0.9542424354895895,1.0,0.9546679789768502,0.9527487975288356,0.9556591731548538,0.9572479494827095,0.9530651377478347,0.960111453936328
2,6,2.070799238392801,0.2548596112311015,4167,2.2664156641278947,0.18847539015606243,833,2.2655974188937416,0.1841,0.981517352085941,0.08343476875611062,,,0.97,,0.9700285520951957,0.029971447904804327,0.9700380834112672,0.14721346530729226,10,0.025,0.15,0.9586523517198854,0.9564052148214501,0.9606100962900811,0.959486713973924,0.9594426719945423,0.9546679789768502,1.0,0.9606869335511559,0.9632104046454434,0.9618081339703465,0.9621755530185283,0.9621911108094817
2,7,2.060019234093753,0.25629949604031677,4167,2.266272408621652,0.1644657863145258,833,2.2655942168416856,0.184,0.9817136905379974,0.08338636135038488,,,0.97,,0.9700285520951957,0.029971447904804327,0.9698207883182943,0.14721346530729226,10,0.025,0.15,0.9614065494445546,0.9645352542278444,0.9538095475389067,0.9585085843356064,0.9613032215425675,0.9527487975288356,0.9606869335511559,1.0,0.9616113735433212,0.9624025816011555,0.9610047066942737,0.9636671046811939
2,8,2.0605448885397477,0.25727316370619296,4166,2.268132890973772,0.18487394957983194,833,2.2655972498881667,0.1841,0.9828755466189664,0.08350859933298538,,,0.97,,0.9700285520951957,0.029971447904804327,0.9700864723627363,0.14721346530729226,10,0.025,0.15,0.9591600829070377,0.9637492487217456,0.9579656064482731,0.9641955168727339,0.9599041767522963,0.9556591731548538,0.9632104046454434,0.9616113735433212,1.0,0.9617338864797847,0.9652028086736518,0.9628881042266358
2,9,2.062204704140172,0.2544167066730677,4166,2.260899373463222,0.19687875150060025,833,2.2656590636772447,0.1855,0.9831111697935655,0.08293901594897808,,,0.97,,0.9700285520951957,0.029971447904804327,0.9679184785583357,0.14721346530729226,10,0.025,0.15,0.9634699338363502,0.9601864016632046,0.9593573056610495,0.9646033112613761,0.9625177527582807,0.9572479494827095,0.9618081339703465,0.9624025816011555,0.9617338864797847,1.0,0.9611688615229235,0.9640150543587007
2,10,2.072708993969542,0.2509601536245799,4166,2.264077765601022,0.18967587034813926,833,2.265597014487544,0.1841,0.9821191429664534,0.0835930729148983,,,0.97,,0.9700285520951957,0.029971447904804327,0.9701200558757153,0.14721346530729226,10,0.025,0.15,0.9634784173381977,0.9595241936427642,0.9552688026732027,0.9602869541776131,0.9613764950859984,0.9530651377478347,0.9621755530185283,0.9610047066942737,0.9652028086736518,0.9611688615229235,1.0,0.9637400856842687
2,11,2.048274173519828,0.26497839654344696,4166,2.264225482940674,0.19807923169267708,833,2.2655968454819693,0.1841,0.9829285570297257,0.08365845799875783,,,0.97,,0.9700285520951957,0.029971447904804327,0.970120897700739,0.14721346530729226,10,0.025,0.15,0.9628598538723407,0.9654760379604512,0.9538484537149244,0.960830390129828,0.9561760145478447,0.960111453936328,0.9621911108094817,0.9636671046811939,0.9628881042266358,0.9640150543587007,0.9637400856842687,1.0
3,0,2.006545958374486,0.2835133189344852,4167,2.2368848664419994,0.22062350119904076,834,2.2398080433471295,0.2221,0.9789039801443493,0.08333763192705625,,,0.97,,0.9700285520951957,0.029971447904804327,0.9824694887834272,0.14665392648315265,10,0.025,0.15,1.0,0.9527769795853824,0.9499506270228385,0.9529508596483892,0.9492934570582496,0.9508061780629985,0.9534322969634889,0.9536868329490873,0.9518690308396018,0.9571445965567243,0.9580290895574876,0.954895467965565
3,1,1.9975571245858164,0.27864170866330695,4167,2.2339005129677907,0.26618705035971224,834,2.239806597745871,0.2221,0.9781086814242475,0.08332019258958741,,,0.97,,0.9700285520951957,0.029971447904804327,0.9824694887834272,0.14665392648315265,10,0.025,0.15,0.9527769795853824,1.0,0.945023238394014,0.9505241795293955,0.952512437365569,0.9510008300370743,0.9487887876890316,0.9567640792757548,0.9567097662171252,0.9534959087016711,0.9508109564405317,0.957068689626605
3,2,1.9853060516444119,0.28579313654907607,4167,2.2418511595044817,0.2170263788968825,834,2.239857661573193,0.2221,0.9741412851448452,0.08301440172749801,,,0.97,,0.9700285520951957,0.029971447904804327,0.9824694887834272,0.14665392648315265,10,0.025,0.15,0.9499506270228385,0.945023238394014,1.0,0.9453085914953083,0.9499281800367297,0.9514573581856499,0.951286529539102,0.943957386092613,0.949584515022802,0.9512481094684936,0.9477133013363476,0.9437299629718715
3,3,1.9933606133316502,0.28195344372450204,4167,2.2448431764330183,0.21223021582733814,834,2.239801630189147,0.2222,0.9776133316461981,0.08338256553576473,,,0.97,,0.9700285520951957,0.029971447904804327,0.9824694887834272,0.14665392648315265,10,0.025,0.15,0.9529508596483892,0.9505241795293955,0.9453085914953083,1.0,0.948354855752152,0.9535704532725285,0.9501265724152217,0.949238080304066,0.9564159588743528,0.9577680746882359,0.9532513184378769,0.9521107130225976
3,4,2.007671476494182,0.2802495800335973,4167,2.2463840757097517,0.1836734693877551,833,2.239811628679686,0.2221,0.9763571283470469,0.08320109134530775,,,0.97,,0.9700285520951957,0.029971447904804327,0.9824694887834272,0.14665392648315265,10,0.025,0.15,0.9492934570582496,0.952512437365569,0.9499281800367297,0.948354855752152,1.0,0.9452932199828828,0.951925796234825,0.9522955502907132,0.952873446695522,0.9554781628199361,0.9527852213608807,0.944320029941768
3,5,1.9912843223774073,0.2913606911447084,4167,2.243154866354806,0.2184873949579832,833,2.23980125294456,0.2222,0.9751488085416571,0.08323096314573272,,,0.97,,0.9700285520951957,0.029971447904804327,0.9824694887834272,0.14665392648315265,10,0.025,0.15,0.9508061780629985,0.9510008300370743,0.9514573581856499,0.9535704532725285,0.9452932199828828,1.0,0.9468487231591053,0.9450379029396182,0.9496630346857163,0.9497075917981002,0.9460506100033742,0.9513593923681046
3,6,2.015449557159886,0.27319414446844253,4167,2.2399474552699496,0.2184873949579832,833,2.2398046571997146,0.2225,0.9780459264967085,0.08340752683269244,,,0.97,,0.9700285520951957,0.029971447904804327,0.9824694887834272,0.14665392648315265,10,0.025,0.15,0.9534322969634889,0.9487887876890316,0.951286529539102,0.9501265724152217,0.951925796234825,0.9468487231591053,1.0,0.9532711225702651,0.9554362910401895,0.95574489404466,0.9573159145826622,0.9505176309146753
3,7,2.00113811565168,0.2761699064074874,4167,2.240302664893014,0.20528211284513806,833,2.2398021341879155,0.2222,0.9774974866201601,0.08335975364989247,,,0.97,,0.9700285520951957,0.029971447904804327,0.9824694887834272,0.14665392648315265,10,0.025,0.15,0.9536868329490873,0.9567640792757548,0.943957386092613,0.949238080304066,0.9522955502907132,0.9450379029396182,0.9532711225702651,1.0,0.9509824572233996,0.9553673480559509,0.9533606669937434,0.9543071358298018
3,8,2.0038983554551097,0.27818050888142104,4166,2.2435523101261685,0.22208883553421369,833,2.2398043403142616,0.2225,0.9792374913629963,0.0834919443482712,,,0.97,,0.9700285520951957,0.029971447904804327,0.9824694887834272,0.14665392648315265,10,0.025,0.15,0.9518690308396018,0.9567097662171252,0.949584515022802,0.9564159588743528,0.952873446695522,0.9496630346857163,0.9554362910401895,0.9509824572233996,1.0,0.9533138492705991,0.957058249761496,0.9546954592741571
3,9,2.003970308014841,0.2758281325012002,4166,2.2335521834237233,0.24369747899159663,833,2.23989293846903,0.2265,0.9801695571740355,0.08317013266808543,,,0.97,,0.9700285520951957,0.029971447904804327,0.9824694887834272,0.14665392648315265,10,0.025,0.15,0.9571445965567243,0.9534959087016711,0.9512481094684936,0.9577680746882359,0.9554781628199361,0.9497075917981002,0.95574489404466,0.9553673480559509,0.9533138492705991,1.0,0.956101791871537,0.9544983624845267
3,10,2.016466746185765,0.27035525684109457,4166,2.2379466124943326,0.24129651860744297,833,2.2398038302795795,0.2225,0.9791823083605157,0.0835423738380859,,,0.97,,0.9700285520951957,0.029971447904804327,0.9824694887834272,0.14665392648315265,10,0.025,0.15,0.9580290895574876,0.9508109564405317,0.9477133013363476,0.9532513184378769,0.9527852213608807,0.9460506100033742,0.9573159145826622,0.9533606669937434,0.957058249761496,0.956101791871537,1.0,0.955435903641408
3,11,1.9851125059705792,0.2887902064330293,4166,2.238034759249006,0.22208883553421369,833,2.239803640148308,0.2225,0.9779107516255091,0.08354142239202585,,,0.97,,0.9700285520951957,0.029971447904804327,0.9824694887834272,0.14665392648315265,10,0.025,0.15,0.954895467965565,0.957068689626605,0.9437299629718715,0.9521107130225976,0.944320029941768,0.9513593923681046,0.9505176309146753,0.9543071358298018,0.9546954592741571,0.9544983624845267,0.955435903641408,1.0
4,0,1.9590142174200578,0.30079193664506837,4167,2.2058944702148438,0.2589928057553957,834,2.208769357657131,0.2575,0.9763342228261864,0.08340112795433477,,,0.97,,0.9700285520951957,0.029971447904804327,0.9860139151584261,0.14615020360943595,10,0.025,0.15,1.0,0.9481658837736472,0.9441043990084801,0.9466353939239591,0.9419169238584194,0.9420106487656418,0.9454811459179366,0.9471931995625779,0.944926621171874,0.9508449844113652,0.9526517250310481,0.9513682409577636
4,1,1.9516021786314068,0.2970722342212623,4167,2.200151171003069,0.28896882494004794,834,2.2087669945970365,0.2575,0.9749055442068429,0.08334378321347223,,,0.97,,0.9700285520951957,0.029971447904804327,0.9860139151584261,0.14615020360943595,10,0.025,0.15,0.9481658837736472,1.0,0.9388969367470147,0.9426077568764143,0.9441199398378393,0.94301928872372,0.9399313326472782,0.9497019368444567,0.9498178792672589,0.9458265312030597,0.9454179154124047,0.951091474719468
4,2,1.9382786877227551,0.30455963522918167,4167,2.210850783756801,0.24820143884892087,834,2.2088236506981187,0.2572,0.9719715546732854,0.08305888780980189,,,0.97,,0.9700285520951957,0.029971447904804327,0.9860139151584261,0.14615020360943595,10,0.025,0.15,0.9441043990084801,0.9388969367470147,1.0,0.9381289472290313,0.9439194490919638,0.9469833479700798,0.9463091475747887,0.9390745891950402,0.9406640669981784,0.9461757439449245,0.9424426262896042,0.9378811757105892
4,3,1.9487683227567962,0.298080153587713,4167,2.2163266454424178,0.25539568345323743,834,2.208760403379609,0.2577,0.9738490403398856,0.08334797264457734,,,0.97,,0.9700285520951957,0.029971447904804327,0.9860139151584261,0.14615020360943595,10,0.025,0.15,0.9466353939239591,0.9426077568764143,0.9381289472290313,1.0,0.9409707360031544,0.9445505953562002,0.9408432040477954,0.9407928378223019,0.9493141170086484,0.951891675021529,0.9464862549214054,0.9440036077431484
4,4,1.9608692721887069,0.2988480921526278,4167,2.2177015032087053,0.22208883553421369,833,2.2087742950342877,0.2574,0.9725218444847826,0.08319238805912381,,,0.97,,0.9700285520951957,0.029971447904804327,0.9860139151584261,0.14615020360943595,10,0.025,0.15,0.9419169238584194,0.9441199398378393,0.9439194490919638,0.9409707360031544,1.0,0.9385144364290899,0.9425460053157102,0.9462393796231308,0.9446125193346211,0.9477135557211109,0.9435987212493813,0.9367225593955774
4,5,1.9456839362780254,0.30885529157667385,4167,2.2133563246045793,0.2424969987995198,833,2.208759766590746,0.2577,0.9713886561587752,0.08317395903143186,,,0.97,,0.9700285520951957,0.029971447904804327,0.9860139151584261,0.14615020360943595,10,0.025,0.15,0.9420106487656418,0.94301928872372,0.9469833479700798,0.9445505953562002,0.9385144364290899,1.0,0.9380223205073112,0.9373877501303377,0.9407257887002981,0.9427732730917527,0.9406572619216582,0.9429639690462275
4,6,1.9706810174566327,0.2908807295416367,4167,2.2082631247384206,0.25210084033613445,833,2.2087629082836684,0.2579,0.9733265508620712,0.08334640139467236,,,0.97,,0.9700285520951957,0.029971447904804327,0.9860139151584261,0.14615020360943595,10,0.025,0.15,0.9454811459179366,0.9399313326472782,0.9463091475747887,0.9408432040477954,0.9425460053157102,0.9380223205073112,1.0,0.9445131465918448,0.9449573234632398,0.9462271831039587,0.9493815091642563,0.9419055432450655
4,7,1.9529960950215657,0.29476841852651786,4167,2.209132432937622,0.24969987995198079,833,2.2087608771988108,0.2577,0.9740139400106242,0.08333922359039608,,,0.97,,0.9700285520951957,0.029971447904804327,0.9860139151584261,0.14615020360943595,10,0.025,0.15,0.9471931995625779,0.9497019368444567,0.9390745891950402,0.9407928378223019,0.9462393796231308,0.9373877501303377,0.9445131465918448,1.0,0.9408679114307124,0.9476932154116876,0.9469639803288398,0.9477397275310941
4,8,1.9572482184930282,0.2977676428228517,4166,2.2138309819357738,0.2545018007202881,833,2.20876239523103,0.2579,0.9750225717000013,0.08345391968283167,,,0.97,,0.9700285520951957,0.029971447904804327,0.9860139151584261,0.14615020360943595,10,0.025,0.15,0.944926621171874,0.9498178792672589,0.9406640669981784,0.9493141170086484,0.9446125193346211,0.9407257887002981,0.9449573234632398,0.9408679114307124,1.0,0.9455489870211802,0.9500681813642867,0.9483522366150703
4,9,1.9575658241907756,0.29373499759961597,4166,2.2006896563938687,0.290516206482593,833,2.2088824133329754,0.2602,0.9768444072499095,0.08331405967573256,,,0.97,,0.9700285520951957,0.029971447904804327,0.9860139151584261,0.14615020360943595,10,0.025,0.15,0.9508449844113652,0.9458265312030597,0.9461757439449245,0.951891675021529,0.9477135557211109,0.9427732730917527,0.9462271831039587,0.9476932154116876,0.9455489870211802,1.0,0.9496047410767492,0.9470940741449928
4,10,1.9703640959479591,0.28535765722515605,4166,2.2063426971435547,0.27130852340936373,833,2.2087614898440204,0.2579,0.9766971075059462,0.08353969754841781,,,0.97,,0.9700285520951957,0.029971447904804327,0.9860139151584261,0.14615020360943595,10,0.025,0.15,0.9526517250310481,0.9454179154124047,0.9424426262896042,0.9464862549214054,0.9435987212493813,0.9406572619216582,0.9493815091642563,0.9469639803288398,0.9500681813642867,0.9496047410767492,1.0,0.9521295680512476
4,11,1.937736072323539,0.3043686989918387,4166,2.206756114959717,0.2605042016806723,833,2.208761411377146,0.2579,0.9751462655132132,0.08348857939520762,,,0.97,,0.9700285520951957,0.029971447904804327,0.9860139151584261,0.14615020360943595,10,0.025,0.15,0.9513682409577636,0.951091474719468,0.9378811757105892,0.9440036077431484,0.9367225593955774,0.9429639690462275,0.9419055432450655,0.9477397275310941,0.9483522366150703,0.9470940741449928,0.9521295680512476,1.0
5,0,1.9189302729837823,0.3123350131989441,4167,2.170564753668649,0.28776978417266186,834,2.173115298717837,0.2828,0.9737082378048082,0.08344914869680069,,,0.97,,0.9700285520951957,0.029971447904804327,0.9892098167068848,0.14571697547406656,10,0.025,0.15,1.0,0.9441689795801576,0.937825585749649,0.9410087312810114,0.9334037443848686,0.9371976153019016,0.9391784252771143,0.9434896027162122,0.938752678729281,0.9445623788153066,0.947162236143281,0.9440379122269045
5,1,1.9079546971754595,0.3102951763858891,4167,2.161400352205549,0.31414868105515587,834,2.1731117888341975,0.2828,0.9724413778542956,0.08337228588544644,,,0.97,,0.9700285520951957,0.029971447904804327,0.9892098167068848,0.14571697547406656,10,0.025,0.15,0.9441689795801576,1.0,0.9334103399430806,0.9366737741053637,0.935882862145852,0.9378176759155059,0.9348013781213971,0.944947966561442,0.9451045403676904,0.9388976624884047,0.9388652840315095,0.9454871142179563
5,2,1.8955751794757265,0.3191264698824094,4167,2.1753078528812955,0.28177458033573144,834,2.1731764063050476,0.2822,0.9689203428651492,0.0830808697006589,,,0.97,,0.9700285520951957,0.029971447904804327,0.9892098167068848,0.14571697547406656,10,0.025,0.15,0.937825585749649,0.9334103399430806,1.0,0.932369247805679,0.936401630061218,0.9408598159470725,0.938957019023499,0.9337881324006979,0.9347444443772177,0.9400356023312485,0.9358960059803552,0.931013696031732
5,3,1.9054299354553224,0.30911927045836335,4167,2.183590820857457,0.2793764988009592,834,2.1731030578854718,0.283,0.9704093621022896,0.0833086007779734,,,0.97,,0.9700285520951957,0.029971447904804327,0.9892098167068848,0.14571697547406656,10,0.025,0.15,0.9410087312810114,0.9366737741053637,0.932369247805679,1.0,0.9320206132980177,0.9355812041352972,0.9355184763889888,0.9347054118766641,0.9436724247859617,0.943351794610923,0.9402340644482579,0.9372347038516881
5,4,1.9185874314019173,0.3139188864890809,4167,2.1843719823019847,0.24849939975990396,833,2.1731217692169964,0.2827,0.9684542633414089,0.0831484040859238,,,0.97,,0.9700285520951957,0.029971447904804327,0.9892098167068848,0.14571697547406656,10,0.025,0.15,0.9334037443848686,0.935882862145852,0.936401630061218,0.9320206132980177,1.0,0.9322927802406724,0.936680611583999,0.9382377068575327,0.9370598510170389,0.942345852301066,0.9358056583560226,0.9296220660678276
5,5,1.904017206033071,0.3233741300695944,4167,2.179003511156355,0.26290516206482595,833,2.173102116282982,0.2829,0.9688557573799634,0.08315007880713131,,,0.97,,0.9700285520951957,0.029971447904804327,0.9892098167068848,0.14571697547406656,10,0.025,0.15,0.9371976153019016,0.9378176759155059,0.9408598159470725,0.9355812041352972,0.9322927802406724,1.0,0.9331888088765131,0.9349299633428999,0.9357525083093332,0.9360711054251638,0.9356660729156941,0.9350932687449606
5,6,1.9295043858614835,0.3042956563474922,4167,2.1719942774091447,0.2773109243697479,833,2.1731048083003563,0.2829,0.9706207094141677,0.08331452084510439,,,0.97,,0.9700285520951957,0.029971447904804327,0.9892098167068848,0.14571697547406656,10,0.025,0.15,0.9391784252771143,0.9348013781213971,0.938957019023499,0.9355184763889888,0.936680611583999,0.9331888088765131,1.0,0.9383746778682973,0.9405197184352797,0.9401155666776871,0.9425090257755561,0.9350204806335183
5,7,1.9126874909256444,0.3070314374850012,4167,2.173292568751744,0.27010804321728693,833,2.173103586027894,0.2829,0.9720767059654499,0.08335756495414791,,,0.97,,0.9700285520951957,0.029971447904804327,0.9892098167068848,0.14571697547406656,10,0.025,0.15,0.9434896027162122,0.944947966561442,0.9337881324006979,0.9347054118766641,0.9382377068575327,0.9349299633428999,0.9383746778682973,1.0,0.935690981018571,0.9427699001874829,0.9424961551336675,0.9423903121047472
5,8,1.9131913347677751,0.31063370139222274,4166,2.17953314099993,0.2857142857142857,833,2.173103960254524,0.2829,0.9725822928684786,0.08344513980173292,,,0.97,,0.9700285520951957,0.029971447904804327,0.9892098167068848,0.14571697547406656,10,0.025,0.15,0.938752678729281,0.9451045403676904,0.9347444443772177,0.9436724247859617,0.9370598510170389,0.9357525083093332,0.9405197184352797,0.935690981018571,1.0,0.9403926692847602,0.9442829760907083,0.9416543712220883
5,9,1.919790878801635,0.3062169947191551,4166,2.1632943153381348,0.3037214885954382,833,2.1732650829266897,0.2833,0.9736930494746148,0.0833946924022326,,,0.97,,0.9700285520951957,0.029971447904804327,0.9892098167068848,0.14571697547406656,10,0.025,0.15,0.9445623788153066,0.9388976624884047,0.9400356023312485,0.943351794610923,0.942345852301066,0.9360711054251638,0.9401155666776871,0.9427699001874829,0.9403926692847602,1.0,0.9426612825027607,0.9395025656705436
5,10,1.9333417242223567,0.2985357657225156,4166,2.1700874737330844,0.2929171668667467,833,2.1731028013591525,0.283,0.9738456995988681,0.08353951150307537,,,0.97,,0.9700285520951957,0.029971447904804327,0.9892098167068848,0.14571697547406656,10,0.025,0.15,0.947162236143281,0.9388652840315095,0.9358960059803552,0.9402340644482579,0.9358056583560226,0.9356660729156941,0.9425090257755561,0.9424961551336675,0.9442829760907083,0.9426612825027607,1.0,0.9467054286824318
5,11,1.8925027467987754,0.3216034565530485,4166,2.1708947249821255,0.290516206482593,833,2.17310287680807,0.283,0.9717411244747779,0.08343918253977216,,,0.97,,0.9700285520951957,0.029971447904804327,0.9892098167068848,0.14571697547406656,10,0.025,0.15,0.9440379122269045,0.9454871142179563,0.931013696031732,0.9372347038516881,0.9296220660678276,0.9350932687449606,0.9350204806335183,0.9423903121047472,0.9416543712220883,0.9395025656705436,0.9467054286824318,1.0
6,0,1.8789712450721048,0.32685385169186465,4167,2.13149356842041,0.2961630695443645,834,2.1334241824814035,0.3043,0.9721917832930808,0.08350858542527607,,,0.97,,0.9700285520951957,0.029971447904804327,0.9923626514572219,0.14535380643335302,10,0.025,0.15,1.0,0.93988064233546,0.9351084316843423,0.9327583172644033,0.9335453960542833,0.9343859559122774,0.9340031007670185,0.9382242318353714,0.9322468558595035,0.941071303571232,0.9425915088347947,0.9410228004742875
6,1,1.87127174355767,0.32299016078713705,4167,2.1182670252663747,0.33213429256594723,834,2.133419516720349,0.3043,0.9703349467695895,0.08340027936663134,,,0.97,,0.9700285520951957,0.029971447904804327,0.9923626514572219,0.14535380643335302,10,0.025,0.15,0.93988064233546,1.0,0.9285426264978941,0.9291922049789304,0.9337493669143879,0.9334067924959043,0.9298473954495631,0.939571215309942,0.9413216322724218,0.9342485607405167,0.9362447508900572,0.9372862190202624
6,2,1.8578031214800748,0.3297576193904488,4167,2.1354383400508334,0.31534772182254195,834,2.133493160899681,0.3041,0.9675148651170159,0.08312742744649836,,,0.97,,0.9700285520951957,0.029971447904804327,0.9923626514572219,0.14535380643335302,10,0.025,0.15,0.9351084316843423,0.9285426264978941,1.0,0.9273472485081576,0.9352361665947719,0.9342782107130585,0.9336889345899598,0.929361459895343,0.9285388083650135,0.9375850136102034,0.9337972029644451,0.9273129095126227
6,3,1.8624347993821808,0.3238780897528198,4167,2.1470580441611156,0.2949640287769784,834,2.1334075535400006,0.3042,0.9662655879785322,0.08322791013113741,,,0.97,,0.9700285520951957,0.029971447904804327,0.9923626514572219,0.14535380643335302,10,0.025,0.15,0.9327583172644033,0.9291922049789304,0.9273472485081576,1.0,0.929228216765722,0.9257421904325829,0.9284751477520937,0.9277260947311641,0.9333101815722509,0.9371367082273218,0.9357506932599493,0.929361116367368
6,4,1.8832672530954535,0.3242380609551236,4167,2.147094794682094,0.27490996398559425,833,2.1334323370004,0.3043,0.9679396887451668,0.08318319212211722,,,0.97,,0.9700285520951957,0.029971447904804327,0.9923626514572219,0.14535380643335302,10,0.025,0.15,0.9335453960542833,0.9337493669143879,0.9352361665947719,0.929228216765722,1.0,0.9250650863096674,0.9317672808249036,0.933719268594758,0.9342837879795253,0.9387159072174082,0.9353469718108943,0.9249959707444624
6,5,1.865187664826711,0.3350851931845452,4167,2.140490634100778,0.27611044417767105,833,2.1334062407288372,0.3042,0.9652266416545731,0.08309565125940728,,,0.97,,0.9700285520951957,0.029971447904804327,0.9923626514572219,0.14535380643335302,10,0.025,0.15,0.9343859559122774,0.9334067924959043,0.9342782107130585,0.9257421904325829,0.9250650863096674,1.0,0.925124279305563,0.9291447866563725,0.9287778545621387,0.9301558450479246,0.9311846758530546,0.9268545490420282
6,6,1.8953642108223654,0.31480681545476363,4167,2.131743703569685,0.3025210084033613,833,2.1334084136576594,0.3046,0.9675860843596457,0.08327469620414293,,,0.97,,0.9700285520951957,0.029971447904804327,0.9923626514572219,0.14535380643335302,10,0.025,0.15,0.9340031007670185,0.9298473954495631,0.9336889345899598,0.9284751477520937,0.9317672808249036,0.925124279305563,1.0,0.9321326236867995,0.9350118995110029,0.9335028468257887,0.9387679165432337,0.9290702424991165
6,7,1.87567648526394,0.3173506119510439,4167,2.1335902895246233,0.29891956782713086,833,2.1334082084366037,0.3042,0.9694567842188611,0.08336247575279138,,,0.97,,0.9700285520951957,0.029971447904804327,0.9923626514572219,0.14535380643335302,10,0.025,0.15,0.9382242318353714,0.939571215309942,0.929361459895343,0.9277260947311641,0.933719268594758,0.9291447866563725,0.9321326236867995,1.0,0.9303509859052109,0.9369588489358155,0.9378839544745545,0.9380202104813786
6,8,1.8737951311198149,0.3257081132981277,4166,2.140734910964966,0.31452581032412963,833,2.1334071008464957,0.3046,0.9692572989009256,0.08341028895216297,,,0.97,,0.9700285520951957,0.029971447904804327,0.9923626514572219,0.14535380643335302,10,0.025,0.15,0.9322468558595035,0.9413216322724218,0.9285388083650135,0.9333101815722509,0.9342837879795253,0.9287778545621387,0.9350118995110029,0.9303509859052109,1.0,0.9316825010971885,0.9399664535408627,0.935219882728156
6,9,1.8780242284138997,0.3203072491598656,4166,2.1218235152108327,0.32292917166866747,833,2.133616510825821,0.3033,0.971012967132602,0.08343631611545167,,,0.97,,0.9700285520951957,0.029971447904804327,0.9923626514572219,0.14535380643335302,10,0.025,0.15,0.941071303571232,0.9342485607405167,0.9375850136102034,0.9371367082273218,0.9387159072174082,0.9301558450479246,0.9335028468257887,0.9369588489358155,0.9316825010971885,1.0,0.9370405192578917,0.9331097427946103
6,10,1.8952736406615287,0.3083773403744599,4166,2.1299904755183627,0.3085234093637455,833,2.133405612993844,0.3045,0.9727470422949922,0.08358277017190228,,,0.97,,0.9700285520951957,0.029971447904804327,0.9923626514572219,0.14535380643335302,10,0.025,0.15,0.9425915088347947,0.9362447508900572,0.9337972029644451,0.9357506932599493,0.9353469718108943,0.9311846758530546,0.9387679165432337,0.9378839544745545,0.9399664535408627,0.9370405192578917,1.0,0.942645674881713
