round,client_id,client_i_training_loss,client_i_training_accuracy,client_i_training_dataset_size,client_i_evaluation_loss,client_i_evaluation_accuracy,client_i_evaluation_dataset_size,client_i_central_evaluation_loss,client_i_central_evaluation_accuracy,client_i_cosine_similarity,client_i_importance_coefficient,client_i_tanh_val,tanh_normalization_value,client_i_q,client_i_mask_order,client_i_v_nonzero_fraction,client_i_v_sparsity,client_i_v_cosine_similarity,client_i_reward_gradient_norm,local_epochs,learning_rate,gamma,client_0_cosine_similarity,client_1_cosine_similarity,client_2_cosine_similarity,client_3_cosine_similarity,client_4_cosine_similarity,client_5_cosine_similarity,client_6_cosine_similarity,client_7_cosine_similarity,client_8_cosine_similarity,client_9_cosine_similarity,client_10_cosine_similarity,client_11_cosine_similarity
0,0,2.225229329819892,0.34688,5000,2.267823431226942,0.21103117505995203,834,2.2657925419914076,0.2151,0.9963200609410242,0.08328894715980649,,,1.0,,1.0,0.0,0,0.09968510391588956,5,0.001,0.1,1.0,0.9945681919454381,0.9952845885170187,0.9925611437877658,0.9911570890521797,0.9909005795927787,0.9919345953852801,0.9936267351610658,0.9888925838675514,0.9938695856021273,0.994756087515733,0.9906408209581632
0,1,2.227107118497229,0.33928,5000,2.2681937129409224,0.19424460431654678,834,2.2657925419914076,0.2151,0.9983815792225145,0.08346128303253181,,,1.0,,1.0,0.0,0,0.09968510391588956,5,0.001,0.1,0.9945681919454381,1.0,0.9959492658954483,0.9958771087066742,0.9953924609505397,0.9941735144796491,0.9916568519387569,0.9962074006048589,0.9946067589017589,0.9927200898151983,0.9965904397485984,0.995110237647085
0,2,2.225943577821088,0.32128,5000,2.2642626497480602,0.23501199040767387,834,2.2657925419914076,0.2151,0.9977934913149976,0.08341212089621165,,,1.0,,1.0,0.0,0,0.09968510391588956,5,0.001,0.1,0.9952845885170187,0.9959492658954483,1.0,0.9944911709577066,0.9931322071323516,0.9935727272515915,0.991853884893696,0.9947372115984287,0.9919725915400657,0.9955939258680029,0.9957612108623013,0.9934687033125352
0,3,2.224730532943823,0.30416,5000,2.269123262829251,0.19904076738609114,834,2.2657925419914076,0.2151,0.9976080593588427,0.08339661941932344,,,1.0,,1.0,0.0,0,0.09968510391588956,5,0.001,0.1,0.9925611437877658,0.9958771087066742,0.9944911709577066,1.0,0.993963371657615,0.9928384998338772,0.987831123192457,0.9957052740531339,0.9945681024481076,0.9929618238527081,0.9965917407000949,0.9962099518187304
0,4,2.2242967945754906,0.32908,5000,2.2628676096598306,0.226890756302521,833,2.2657925419914076,0.2151,0.9966187688783705,0.0833139181210319,,,1.0,,1.0,0.0,0,0.09968510391588956,5,0.001,0.1,0.9911570890521797,0.9953924609505397,0.9931322071323516,0.993963371657615,1.0,0.9945828109825376,0.9915735089641908,0.9950897427191598,0.9906906244392257,0.9891161560038192,0.9960128589349644,0.991054377913992
0,5,2.224883849757492,0.33276,5000,2.2644887500339084,0.1908763505402161,833,2.2657925419914076,0.2151,0.9967395590438667,0.08332401576545945,,,1.0,,1.0,0.0,0,0.09968510391588956,5,0.001,0.1,0.9909005795927787,0.9941735144796491,0.9935727272515915,0.9928384998338772,0.9945828109825376,1.0,0.9928335420678115,0.9952264925017771,0.9923909885483136,0.9914112336163239,0.9938946792798884,0.991385058004572
0,6,2.226430565232684,0.3918,5000,2.27510964428937,0.21008403361344538,833,2.2657925419914076,0.2151,0.9942802345031264,0.08311842465096451,,,1.0,,1.0,0.0,0,0.09968510391588956,5,0.001,0.1,0.9919345953852801,0.9916568519387569,0.991853884893696,0.987831123192457,0.9915735089641908,0.9928335420678115,1.0,0.9928450931546339,0.9846536919739214,0.9893488194146522,0.9920314139452253,0.9872286404827254
0,7,2.2256813343922803,0.32328,5000,2.266988030186406,0.24369747899159663,833,2.2657925419914076,0.2151,0.9981249183185541,0.08343982705939025,,,1.0,,1.0,0.0,0,0.09968510391588956,5,0.001,0.1,0.9936267351610658,0.9962074006048589,0.9947372115984287,0.9957052740531339,0.9950897427191598,0.9952264925017771,0.9928450931546339,1.0,0.9938051171467968,0.9921334751372141,0.9963702271285944,0.9940353196617966
0,8,2.2223190939350492,0.30744,5000,2.2625910529383906,0.2184873949579832,833,2.2657925419914076,0.2151,0.9956401268716957,0.08323210699870508,,,1.0,,1.0,0.0,0,0.09968510391588956,5,0.001,0.1,0.9888925838675514,0.9946067589017589,0.9919725915400657,0.9945681024481076,0.9906906244392257,0.9923909885483136,0.9846536919739214,0.9938051171467968,1.0,0.9896903373489913,0.9931202357607437,0.9956674540903188
0,9,2.2261471957917425,0.32052,5000,2.2724057038625083,0.21008403361344538,833,2.2657925419914076,0.2151,0.9957489956892145,0.0832412080592429,,,1.0,,1.0,0.0,0,0.09968510391588956,5,0.001,0.1,0.9938695856021273,0.9927200898151983,0.9955939258680029,0.9929618238527081,0.9891161560038192,0.9914112336163239,0.9893488194146522,0.9921334751372141,0.9896903373489913,1.0,0.9935277803491313,0.990987570562108
0,10,2.2272252459434947,0.32964,5000,2.27213508994491,0.21608643457382953,833,2.2657925419914076,0.2151,0.9984340753606732,0.08346567153001229,,,1.0,,1.0,0.0,0,0.09968510391588956,5,0.001,0.1,0.994756087515733,0.9965904397485984,0.9957612108623013,0.9965917407000949,0.9960128589349644,0.9938946792798884,0.9920314139452253,0.9963702271285944,0.9931202357607437,0.9935277803491313,1.0,0.9948236158390686
0,11,2.2238681729432126,0.31284,5000,2.2625889954743563,0.22569027611044418,833,2.2657925419914076,0.2151,0.996522343714142,0.08330585730732035,,,1.0,,1.0,0.0,0,0.09968510391588956,5,0.001,0.1,0.9906408209581632,0.995110237647085,0.9934687033125352,0.9962099518187304,0.991054377913992,0.991385058004572,0.9872286404827254,0.9940353196617966,0.9956674540903188,0.990987570562108,0.9948236158390686,1.0
1,0,2.0929734471497263,0.43812,5000,2.217673239884553,0.3441247002398082,834,2.2141521959639965,0.3332,0.9982940008288418,0.08330016995770287,,,1.0,,1.0,0.0,0.9577859338983079,0.09984787235017124,5,0.001,0.1,1.0,0.997442941997445,0.9974503906156847,0.9963561412944909,0.996118397408035,0.9953220546240641,0.9959396949933028,0.9968810084698907,0.9949642829666582,0.9972653877677358,0.9972848162095517,0.9962738606806749
1,1,2.0967664786964466,0.43428,5000,2.216667554996632,0.31774580335731417,834,2.2141521959639965,0.3332,0.9991868710932102,0.08343467667638312,,,1.0,,1.0,0.0,0.9577859338983079,0.09984787235017124,5,0.001,0.1,0.997442941997445,1.0,0.9978935044719958,0.9978415620810436,0.9976380060722531,0.9970494403567871,0.9962360056494748,0.997640866221063,0.9971639856269764,0.9972040737612459,0.9981393815463123,0.9977425890568544
1,2,2.0940730517077597,0.42104,5000,2.212103013639097,0.3393285371702638,834,2.2141521959639965,0.3332,0.9988184751735664,0.08339263653867379,,,1.0,,1.0,0.0,0.9577859338983079,0.09984787235017124,5,0.001,0.1,0.9974503906156847,0.9978935044719958,1.0,0.9967738200876433,0.9966281345963369,0.9967209883726013,0.9966560243945701,0.9971018067060089,0.9959093000250951,0.9980151042328043,0.9975491924259986,0.9968836494276877
1,3,2.0940396071998935,0.42008,5000,2.216716095253273,0.3069544364508393,834,2.2141521959639965,0.3332,0.9986433280907727,0.08337747679677363,,,1.0,,1.0,0.0,0.9577859338983079,0.09984787235017124,5,0.001,0.1,0.9963561412944909,0.9978415620810436,0.9967738200876433,1.0,0.9968424326576407,0.9961476914939781,0.9937250653365799,0.9973155777681285,0.9975187335040286,0.9965596012368372,0.9978798832652107,0.9985154483410789
1,4,2.0904650887106633,0.43044,5000,2.210247799202248,0.34933973589435774,833,2.2141521959639965,0.3332,0.9983725827258092,0.08331802015609084,,,1.0,,1.0,0.0,0.9577859338983079,0.09984787235017124,5,0.001,0.1,0.996118397408035,0.9976380060722531,0.9966281345963369,0.9968424326576407,1.0,0.9969648186938777,0.9958320785095955,0.9970147399637406,0.9954731531475487,0.9955088354872645,0.9981302060681045,0.9960856738818684
1,5,2.0896544117836435,0.42264,5000,2.2099508709377713,0.3349339735894358,833,2.2141521959639965,0.3332,0.9983309181405129,0.0833228678719096,,,1.0,,1.0,0.0,0.9577859338983079,0.09984787235017124,5,0.001,0.1,0.9953220546240641,0.9970494403567871,0.9967209883726013,0.9961476914939781,0.9969648186938777,1.0,0.9962469277081326,0.9976111569309586,0.9963682229449994,0.9961345551352945,0.9970061447696392,0.9961697128397777
1,6,2.0917717224473407,0.46396,5000,2.2250768608517117,0.3085234093637455,833,2.2141521959639965,0.3332,0.9972371429451331,0.08316148226932457,,,1.0,,1.0,0.0,0.9577859338983079,0.09984787235017124,5,0.001,0.1,0.9959396949933028,0.9962360056494748,0.9966560243945701,0.9937250653365799,0.9958320785095955,0.9962469277081326,1.0,0.9964415923149438,0.9925904604812512,0.9954184772661332,0.995990702008662,0.9935686937575336
1,7,2.091714631372197,0.42408,5000,2.214972893397013,0.35414165666266506,833,2.2141521959639965,0.3332,0.9988727830696346,0.0834113806454889,,,1.0,,1.0,0.0,0.9577859338983079,0.09984787235017124,5,0.001,0.1,0.9968810084698907,0.997640866221063,0.9971018067060089,0.9973155777681285,0.9970147399637406,0.9976111569309586,0.9964415923149438,1.0,0.9966429321278327,0.9965243220377935,0.9978639927364632,0.9971918144551306
1,8,2.0887914883862635,0.41512,5000,2.211759567260742,0.3241296518607443,833,2.2141521959639965,0.3332,0.997934869753572,0.08325372020201781,,,1.0,,1.0,0.0,0.9577859338983079,0.09984787235017124,5,0.001,0.1,0.9949642829666582,0.9971639856269764,0.9959093000250951,0.9975187335040286,0.9954731531475487,0.9963682229449994,0.9925904604812512,0.9966429321278327,1.0,0.9955688143885332,0.9968223895747109,0.9979691737289732
1,9,2.0945188769868985,0.4234,5000,2.2182488529770463,0.33373349339735897,833,2.2141521959639965,0.3332,0.9983318943483535,0.08327211635380063,,,1.0,,1.0,0.0,0.9577859338983079,0.09984787235017124,5,0.001,0.1,0.9972653877677358,0.9972040737612459,0.9980151042328043,0.9965596012368372,0.9955088354872645,0.9961345551352945,0.9954184772661332,0.9965243220377935,0.9955688143885332,1.0,0.997021200039405,0.9965341801041421
1,10,2.097238874131707,0.42896,5000,2.220080543447424,0.33613445378151263,833,2.2141521959639965,0.3332,0.9991390882575735,0.08343582569575383,,,1.0,,1.0,0.0,0.9577859338983079,0.09984787235017124,5,0.001,0.1,0.9972848162095517,0.9981393815463123,0.9975491924259986,0.9978798832652107,0.9981302060681045,0.9970061447696392,0.995990702008662,0.9978639927364632,0.9968223895747109,0.997021200039405,1.0,0.9977306113207824
1,11,2.0922972337455508,0.43636,5000,2.2112488834946245,0.34933973589435774,833,2.2141521959639965,0.3332,0.9985755159239635,0.0833196268360804,,,1.0,,1.0,0.0,0.9577859338983079,0.09984787235017124,5,0.001,0.1,0.9962738606806749,0.9977425890568544,0.9968836494276877,0.9985154483410789,0.9960856738818684,0.9961697128397777,0.9935686937575336,0.9971918144551306,0.9979691737289732,0.9965341801041421,0.9977306113207824,1.0
2,0,1.9182098744021858,0.48356,5000,2.1535296263518156,0.42805755395683454,834,2.14844304989702,0.4165,0.9989111102620134,0.0833140667819069,,,1.0,,1.0,0.0,0.987700916912859,0.09988782847595061,5,0.001,0.1,1.0,0.9981361472135549,0.9978363329848946,0.9977177964329005,0.99734143296536,0.9969804680767322,0.9973042695573221,0.9978525089898251,0.9970013438407459,0.9977223353705575,0.998228277654136,0.9973642980799088
2,1,1.9242221202060674,0.49144,5000,2.1513362195756702,0.39688249400479614,834,2.14844304989702,0.4165,0.9993071682602188,0.08340932382005756,,,1.0,,1.0,0.0,0.987700916912859,0.09988782847595061,5,0.001,0.1,0.9981361472135549,1.0,0.9981738765606045,0.9983371639721147,0.9980645474157419,0.9979320430309796,0.9971959161403587,0.9983309553384959,0.9978699409044111,0.9978035588392007,0.99837953669178,0.9980057031522729
2,2,1.9193102315732629,0.47732,5000,2.1457860911334,0.4244604316546763,834,2.14844304989702,0.4165,0.9989686754528566,0.0833726222210303,,,1.0,,1.0,0.0,0.987700916912859,0.09988782847595061,5,0.001,0.1,0.9978363329848946,0.9981738765606045,1.0,0.997651756900525,0.9972593728739625,0.9977078740275602,0.9971511205330167,0.9974921036555264,0.9974342020943224,0.9981449298382717,0.9978123517092211,0.99751024339307
2,3,1.9225269874949364,0.48024,5000,2.150603338524147,0.40047961630695444,834,2.14844304989702,0.4165,0.9990842399132656,0.08336705623472455,,,1.0,,1.0,0.0,0.987700916912859,0.09988782847595061,5,0.001,0.1,0.9977177964329005,0.9983371639721147,0.997651756900525,1.0,0.9976816226696115,0.9977620925844727,0.9962292606856865,0.9981901819429825,0.998113728403939,0.9972488367617859,0.9981328043743253,0.9984916071431753
2,4,1.915664394645934,0.4906,5000,2.142787809725161,0.43217286914765907,833,2.14844304989702,0.4165,0.9986810067059265,0.08331758605921075,,,1.0,,1.0,0.0,0.987700916912859,0.09988782847595061,5,0.001,0.1,0.99734143296536,0.9980645474157419,0.9972593728739625,0.9976816226696115,1.0,0.9977824709808508,0.9970200998023759,0.9977106363477272,0.9967340067283083,0.9962056691303283,0.9981149632394024,0.9968105179616825
2,5,1.9134596086611413,0.48548,5000,2.140840910099171,0.4225690276110444,833,2.14844304989702,0.4165,0.9989007098358641,0.0833276488080546,,,1.0,,1.0,0.0,0.987700916912859,0.09988782847595061,5,0.001,0.1,0.9969804680767322,0.9979320430309796,0.9977078740275602,0.9977620925844727,0.9977824709808508,1.0,0.9969722663282178,0.9981320247692826,0.997599998377825,0.9974128511630377,0.9976764651031518,0.9974016496039896
2,6,1.912943490295653,0.51036,5000,2.160966237386068,0.38895558223289317,833,2.14844304989702,0.4165,0.9981428019424836,0.08320423280802292,,,1.0,,1.0,0.0,0.987700916912859,0.09988782847595061,5,0.001,0.1,0.9973042695573221,0.9971959161403587,0.9971511205330167,0.9962292606856865,0.9970200998023759,0.9969722663282178,1.0,0.9972176608520155,0.9954753084691456,0.9966020739992535,0.9975345504663898,0.9955790455634174
2,7,1.9144953919064467,0.49348,5000,2.1487693610014738,0.4249699879951981,833,2.14844304989702,0.4165,0.9991700262426733,0.08339061354530045,,,1.0,,1.0,0.0,0.987700916912859,0.09988782847595061,5,0.001,0.1,0.9978525089898251,0.9983309553384959,0.9974921036555264,0.9981901819429825,0.9977106363477272,0.9981320247692826,0.9972176608520155,1.0,0.9978982552520441,0.9975159606804183,0.9983495725032343,0.9978964265974015
2,8,1.91510664171474,0.47452,5000,2.147548860973782,0.41656662665066024,833,2.14844304989702,0.4165,0.9986980525279594,0.08327870939029962,,,1.0,,1.0,0.0,0.987700916912859,0.09988782847595061,5,0.001,0.1,0.9970013438407459,0.9978699409044111,0.9974342020943224,0.998113728403939,0.9967340067283083,0.997599998377825,0.9954753084691456,0.9978982552520441,1.0,0.9969843839956821,0.9976341124083858,0.9981846530538764
2,9,1.9207847523841128,0.47368,5000,2.149183432261149,0.4261704681872749,833,2.14844304989702,0.4165,0.9986243614771086,0.08328761118661446,,,1.0,,1.0,0.0,0.987700916912859,0.09988782847595061,5,0.001,0.1,0.9977223353705575,0.9978035588392007,0.9981449298382717,0.9972488367617859,0.9962056691303283,0.9974128511630377,0.9966020739992535,0.9975159606804183,0.9969843839956821,1.0,0.997360940741303,0.9970474564638147
2,10,1.926844418428506,0.48368,5000,2.153723469486943,0.4129651860744298,833,2.14844304989702,0.4165,0.9992296801343593,0.08340752766066742,,,1.0,,1.0,0.0,0.987700916912859,0.09988782847595061,5,0.001,0.1,0.998228277654136,0.99837953669178,0.9978123517092211,0.9981328043743253,0.9981149632394024,0.9976764651031518,0.9975345504663898,0.9983495725032343,0.9976341124083858,0.997360940741303,1.0,0.9980774993987055
2,11,1.918400052702351,0.50248,5000,2.146394296928688,0.4237695078031212,833,2.14844304989702,0.4165,0.9988182850453728,0.08332300148411045,,,1.0,,1.0,0.0,0.987700916912859,0.09988782847595061,5,0.001,0.1,0.9973642980799088,0.9980057031522729,0.99751024339307,0.9984916071431753,0.9968105179616825,0.9974016496039896,0.9955790455634174,0.9978964265974015,0.9981846530538764,0.9970474564638147,0.9980774993987055,1.0
3,0,1.743653791877115,0.53532,5000,2.0741760819046586,0.447242206235012,834,2.067436999787157,0.4431,0.9989082697266278,0.08331968189717816,,,1.0,,1.0,0.0,0.9944529368760049,0.0998965359674361,5,0.001,0.1,1.0,0.9979517817897007,0.9979095272554104,0.9980591655351635,0.9974568715012485,0.9972811263711902,0.9975478761900455,0.99783475722398,0.9972083540705182,0.9978042989004198,0.9980465374131462,0.9973957769592743
3,1,1.7493447215693771,0.53764,5000,2.0710753511499473,0.42565947242206237,834,2.067436999787157,0.4431,0.9992388841526468,0.08338875789343274,,,1.0,,1.0,0.0,0.9944529368760049,0.0998965359674361,5,0.001,0.1,0.9979517817897007,1.0,0.9981385501551298,0.9983837920540907,0.998050622294359,0.9980226446671876,0.99748413131367,0.9982659335484764,0.9980956889896413,0.9977152914645462,0.9981456255837388,0.9982030114662876
3,2,1.744572339999448,0.51952,5000,2.064100989588985,0.4592326139088729,834,2.067436999787157,0.4431,0.9991074600033811,0.08336201316354788,,,1.0,,1.0,0.0,0.9944529368760049,0.0998965359674361,5,0.001,0.1,0.9979095272554104,0.9981385501551298,1.0,0.9979486694400199,0.9976827753197911,0.9977963791690198,0.9981622619868663,0.9978148909521187,0.9977072706653725,0.9982133539375566,0.9978959649275606,0.9976144010574293
3,3,1.7498722592736506,0.52824,5000,2.0694705733546503,0.4184652278177458,834,2.067436999787157,0.4431,0.9991966015358427,0.08336147707115647,,,1.0,,1.0,0.0,0.9944529368760049,0.0998965359674361,5,0.001,0.1,0.9980591655351635,0.9983837920540907,0.9979486694400199,1.0,0.9978417388888596,0.9980278078052892,0.9971774435485264,0.9983324373089019,0.9981215658006284,0.9975493078254343,0.9981308791864425,0.998377734168533
3,4,1.7400330684746905,0.53636,5000,2.059348358048333,0.4657863145258103,833,2.067436999787157,0.4431,0.9988449094500372,0.08331979503901983,,,1.0,,1.0,0.0,0.9944529368760049,0.0998965359674361,5,0.001,0.1,0.9974568715012485,0.998050622294359,0.9976827753197911,0.9978417388888596,1.0,0.9975014882818863,0.9975323264770362,0.9980018045565754,0.9974443126768664,0.9967957282206826,0.9981804665475064,0.9972477386198175
3,5,1.7371461353484232,0.53684,5000,2.0560460929517395,0.45138055222088835,833,2.067436999787157,0.4431,0.9988823038904568,0.08332717175730729,,,1.0,,1.0,0.0,0.9944529368760049,0.0998965359674361,5,0.001,0.1,0.9972811263711902,0.9980226446671876,0.9977963791690198,0.9980278078052892,0.9975014882818863,1.0,0.9972316869413004,0.9979850221387317,0.9977618766736626,0.9975490587826303,0.997550427040721,0.9974769355234022
3,6,1.7337647161665994,0.55684,5000,2.0812828364195646,0.4105642256902761,833,2.067436999787157,0.4431,0.9985917618642753,0.08324212330267523,,,1.0,,1.0,0.0,0.9944529368760049,0.0998965359674361,5,0.001,0.1,0.9975478761900455,0.99748413131367,0.9981622619868663,0.9971774435485264,0.9975323264770362,0.9972316869413004,1.0,0.9974298993262647,0.9965934263279894,0.9973597699292851,0.9976600430503052,0.9965268178760491
3,7,1.7361119151874713,0.5418,5000,2.0672158576824047,0.453781512605042,833,2.067436999787157,0.4431,0.9991736849821773,0.08337518166859226,,,1.0,,1.0,0.0,0.9944529368760049,0.0998965359674361,5,0.001,0.1,0.99783475722398,0.9982659335484764,0.9978148909521187,0.9983324373089019,0.9980018045565754,0.9979850221387317,0.9974298993262647,1.0,0.9981353824865968,0.9976180093626559,0.9981430324693601,0.998114727099164
3,8,1.740684760452076,0.52368,5000,2.0687318907843695,0.44057623049219685,833,2.067436999787157,0.4431,0.9989066839862324,0.08329795138060055,,,1.0,,1.0,0.0,0.9944529368760049,0.0998965359674361,5,0.001,0.1,0.9972083540705182,0.9980956889896413,0.9977072706653725,0.9981215658006284,0.9974443126768664,0.9977618766736626,0.9965934263279894,0.9981353824865968,1.0,0.9973780743069043,0.9978621037583714,0.9981685029090812
3,9,1.7457263009563373,0.52636,5000,2.063997233355487,0.4477791116446579,833,2.067436999787157,0.4431,0.9987382264679995,0.0832979732155321,,,1.0,,1.0,0.0,0.9944529368760049,0.0998965359674361,5,0.001,0.1,0.9978042989004198,0.9977152914645462,0.9982133539375566,0.9975493078254343,0.9967957282206826,0.9975490587826303,0.9973597699292851,0.9976180093626559,0.9973780743069043,1.0,0.9973386924880068,0.9971375164534488
3,10,1.753580983884775,0.5312,5000,2.071559367356477,0.44057623049219685,833,2.067436999787157,0.4431,0.9991092168570677,0.08338347208830092,,,1.0,,1.0,0.0,0.9944529368760049,0.0998965359674361,5,0.001,0.1,0.9980465374131462,0.9981456255837388,0.9978959649275606,0.9981308791864425,0.9981804665475064,0.997550427040721,0.9976600430503052,0.9981430324693601,0.9978621037583714,0.9973386924880068,1.0,0.9979491397541347
3,11,1.7422292378298037,0.54176,5000,2.0668863543757685,0.4561824729891957,833,2.067436999787157,0.4431,0.9988847601698825,0.08332440152265655,,,1.0,,1.0,0.0,0.9944529368760049,0.0998965359674361,5,0.001,0.1,0.9973957769592743,0.9982030114662876,0.9976144010574293,0.998377734168533,0.9972477386198175,0.9974769355234022,0.9965268178760491,0.998114727099164,0.9981685029090812,0.9971375164534488,0.9979491397541347,1.0
4,0,1.5904433254983015,0.5764,5000,1.9797195107848555,0.46402877697841727,834,1.971572309637222,0.4621,0.9986321722011756,0.08331654335574432,,,1.0,,1.0,0.0,0.9960718931972676,0.09988931595576012,5,0.001,0.1,1.0,0.9973962002721027,0.9971594655214644,0.9977441775807707,0.997258677685686,0.9968409066843186,0.9970314990560057,0.9974170396225656,0.9971303678574759,0.9975660360451517,0.997857052381073,0.9969201688264545
4,1,1.5938695695749514,0.57636,5000,1.976260326526783,0.44004796163069543,834,1.971572309637222,0.4621,0.9990980665814037,0.08337393369897789,,,1.0,,1.0,0.0,0.9960718931972676,0.09988931595576012,5,0.001,0.1,0.9973962002721027,1.0,0.9977943602243554,0.9983932042532316,0.9979557626096877,0.9978282177003195,0.9972872344003417,0.9980048156826556,0.9979435731875151,0.9974015839561201,0.9980311220625941,0.9978679084662629
4,2,1.5888670407283079,0.56572,5000,1.9676240152782865,0.4832134292565947,834,1.971572309637222,0.4621,0.9988671475533856,0.08335008254681592,,,1.0,,1.0,0.0,0.9960718931972676,0.09988931595576012,5,0.001,0.1,0.9971594655214644,0.9977943602243554,1.0,0.9977825718554895,0.9974331814073606,0.9976110176352834,0.9975839134697472,0.997424879391675,0.9976662180013511,0.9979824247346205,0.9976936345226544,0.9970059846666005
4,3,1.593628132950728,0.5702,5000,1.9736637715940122,0.44244604316546765,834,1.971572309637222,0.4621,0.9992273417792362,0.08336137798264459,,,1.0,,1.0,0.0,0.9960718931972676,0.09988931595576012,5,0.001,0.1,0.9977441775807707,0.9983932042532316,0.9977825718554895,1.0,0.9980258553372402,0.997877119271472,0.9972960829329756,0.9981215601474729,0.9982996299284183,0.9973793444764663,0.9983192494082216,0.9982153321777163
4,4,1.5841288776914026,0.58296,5000,1.9602870411343045,0.48739495798319327,833,1.971572309637222,0.4621,0.9988853684680942,0.08332478385324844,,,1.0,,1.0,0.0,0.9960718931972676,0.09988931595576012,5,0.001,0.1,0.997258677685686,0.9979557626096877,0.9974331814073606,0.9980258553372402,1.0,0.9975708978448771,0.9973760036867724,0.9980268986984632,0.9977362700697409,0.9968567354629354,0.9981713879870444,0.9969442423503936
4,5,1.582022438231547,0.58056,5000,1.9563069387718484,0.46338535414165666,833,1.971572309637222,0.4621,0.9988510103119866,0.0833281982030894,,,1.0,,1.0,0.0,0.9960718931972676,0.09988931595576012,5,0.001,0.1,0.9968409066843186,0.9978282177003195,0.9976110176352834,0.997877119271472,0.9975708978448771,1.0,0.996995146573003,0.9979106909631872,0.9979511102237277,0.9973393879575929,0.9976608256161296,0.9973588302435269
4,6,1.5743057960917235,0.58984,5000,1.9865994232672233,0.4345738295318127,833,1.971572309637222,0.4621,0.9984804356247354,0.08326409023894812,,,1.0,,1.0,0.0,0.9960718931972676,0.09988931595576012,5,0.001,0.1,0.9970314990560057,0.9972872344003417,0.9975839134697472,0.9972960829329756,0.9973760036867724,0.996995146573003,1.0,0.9970808779982367,0.9966034214117933,0.9971585406580997,0.9977257485410707,0.9963669621922865
4,7,1.5785849542374824,0.5854,5000,1.9707262869234439,0.4657863145258103,833,1.971572309637222,0.4621,0.9990735932175018,0.08336481941822681,,,1.0,,1.0,0.0,0.9960718931972676,0.09988931595576012,5,0.001,0.1,0.9974170396225656,0.9980048156826556,0.997424879391675,0.9981215601474729,0.9980268986984632,0.9979106909631872,0.9970808779982367,1.0,0.9982366400112999,0.997491660716035,0.9982302929436871,0.9976656317747832
4,8,1.5855383699866616,0.56716,5000,1.9755263019491125,0.453781512605042,833,1.971572309637222,0.4621,0.9990092512537676,0.08331538799737931,,,1.0,,1.0,0.0,0.9960718931972676,0.09988931595576012,5,0.001,0.1,0.9971303678574759,0.9979435731875151,0.9976662180013511,0.9982996299284183,0.9977362700697409,0.9979511102237277,0.9966034214117933,0.9982366400112999,1.0,0.997497007478315,0.9980848166206691,0.9976916947178408
4,9,1.5922648444297207,0.56784,5000,1.9631173963899966,0.47539015606242496,833,1.971572309637222,0.4621,0.9987027567182664,0.08330551022702931,,,1.0,,1.0,0.0,0.9960718931972676,0.09988931595576012,5,0.001,0.1,0.9975660360451517,0.9974015839561201,0.9979824247346205,0.9973793444764663,0.9968567354629354,0.9973393879575929,0.9971585406580997,0.997491660716035,0.997497007478315,1.0,0.9975551178659696,0.9969407121332485
4,10,1.597576447125453,0.5728,5000,1.9738963180118136,0.46218487394957986,833,1.971572309637222,0.4621,0.9992097399166394,0.08337429653308606,,,1.0,,1.0,0.0,0.9960718931972676,0.09988931595576012,5,0.001,0.1,0.997857052381073,0.9980311220625941,0.9976936345226544,0.9983192494082216,0.9981713879870444,0.9976608256161296,0.9977257485410707,0.9982302929436871,0.9980848166206691,0.9975551178659696,1.0,0.9979141115519059
4,11,1.58713558357992,0.58456,5000,1.9732975253352412,0.4729891956782713,833,1.971572309637222,0.4621,0.9986798506988661,0.08332097594481004,,,1.0,,1.0,0.0,0.9960718931972676,0.09988931595576012,5,0.001,0.1,0.9969201688264545,0.9978679084662629,0.9970059846666005,0.9982153321777163,0.9969442423503936,0.9973588302435269,0.9963669621922865,0.9976656317747832,0.9976916947178408,0.9969407121332485,0.9979141115519059,1.0
5,0,1.459512024396544,0.61176,5000,1.872454047203064,0.4952038369304556,834,1.8629696997590721,0.4956,0.9985417449182028,0.08331726261132695,,,1.0,,1.0,0.0,0.997128029735341,0.09987207452577081,5,0.001,0.1,1.0,0.9969968285196255,0.9970175239430191,0.9974853841788838,0.9971488614025178,0.996482265789808,0.9968671326564252,0.9970752984634687,0.9969268475315815,0.9972975024719682,0.9976120672135351,0.9962625154755993
5,1,1.4636075559695056,0.60752,5000,1.8691144784291585,0.4712230215827338,834,1.8629696997590721,0.4956,0.9989018038527387,0.08336407532476865,,,1.0,,1.0,0.0,0.997128029735341,0.09987207452577081,5,0.001,0.1,0.9969968285196255,1.0,0.997257173431653,0.9978185113761376,0.997549001691704,0.9974407351449507,0.9971067752382895,0.9976226937462559,0.9974345075403926,0.9970305344883778,0.9977394588879172,0.9974891908181672
5,2,1.459130135235513,0.59792,5000,1.8581602440940008,0.5059952038369304,834,1.8629696997590721,0.4956,0.9987081612040809,0.08334320000173312,,,1.0,,1.0,0.0,0.997128029735341,0.09987207452577081,5,0.001,0.1,0.9970175239430191,0.997257173431653,1.0,0.9976563224491324,0.9971598027324966,0.9970999634521387,0.9975679277050284,0.9968342691590928,0.9974050988032029,0.9976462572322181,0.9972576641787825,0.9962643874464584
5,3,1.4621429084212916,0.60472,5000,1.8653816602848194,0.47961630695443647,834,1.8629696997590721,0.4956,0.9990956151782519,0.08336263114878281,,,1.0,,1.0,0.0,0.997128029735341,0.09987207452577081,5,0.001,0.1,0.9974853841788838,0.9978185113761376,0.9976563224491324,1.0,0.9976219058038672,0.9976332792326745,0.9970324482286196,0.9979145975978558,0.9980419376501111,0.9971976132450242,0.997742886346885,0.9976636906841232
5,4,1.4534018396571944,0.61424,5000,1.8477488226360745,0.5102040816326531,833,1.8629696997590721,0.4956,0.9986547766824285,0.0833259637337443,,,1.0,,1.0,0.0,0.997128029735341,0.09987207452577081,5,0.001,0.1,0.9971488614025178,0.997549001691704,0.9971598027324966,0.9976219058038672,1.0,0.9969714874748302,0.9971358319269027,0.9974515473480331,0.9971130388986581,0.996510636746579,0.9975768898932029,0.9962871537343921
5,5,1.4501147106954246,0.61628,5000,1.8436514713146068,0.5090036014405762,833,1.8629696997590721,0.4956,0.9986836299024154,0.08332898864680591,,,1.0,,1.0,0.0,0.997128029735341,0.09987207452577081,5,0.001,0.1,0.996482265789808,0.9974407351449507,0.9970999634521387,0.9976332792326745,0.9969714874748302,1.0,0.996541335859394,0.9975121440489461,0.9976934208723086,0.9971430089730168,0.9973128372985003,0.9970413393198259
5,6,1.4430420614351893,0.62264,5000,1.8789912197324965,0.4645858343337335,833,1.8629696997590721,0.4956,0.998396471595059,0.08328040944017176,,,1.0,,1.0,0.0,0.997128029735341,0.09987207452577081,5,0.001,0.1,0.9968671326564252,0.9971067752382895,0.9975679277050284,0.9970324482286196,0.9971358319269027,0.996541335859394,1.0,0.996489810548658,0.9962923588911202,0.9969341448574288,0.9975759695909492,0.9958893305947207
5,7,1.446556775964749,0.62096,5000,1.8611463617395472,0.5126050420168067,833,1.8629696997590721,0.4956,0.9988626289352057,0.08335722205179864,,,1.0,,1.0,0.0,0.997128029735341,0.09987207452577081,5,0.001,0.1,0.9970752984634687,0.9976226937462559,0.9968342691590928,0.9979145975978558,0.9974515473480331,0.9975121440489461,0.996489810548658,1.0,0.9978449592126254,0.9972735162094521,0.9976319049263914,0.9973651867515534
5,8,1.4551768573226442,0.60008,5000,1.8698298533757527,0.48259303721488594,833,1.8629696997590721,0.4956,0.9988389440937437,0.08332614595784994,,,1.0,,1.0,0.0,0.997128029735341,0.09987207452577081,5,0.001,0.1,0.9969268475315815,0.9974345075403926,0.9974050988032029,0.9980419376501111,0.9971130388986581,0.9976934208723086,0.9962923588911202,0.9978449592126254,1.0,0.9972875706386191,0.9974521921330838,0.9972412108328849
5,9,1.464035366826756,0.60032,5000,1.8488603168063693,0.5138055222088835,833,1.8629696997590721,0.4956,0.9985953016523615,0.08331222551325958,,,1.0,,1.0,0.0,0.997128029735341,0.09987207452577081,5,0.001,0.1,0.9972975024719682,0.9970305344883778,0.9976462572322181,0.9971976132450242,0.996510636746579,0.9971430089730168,0.9969341448574288,0.9972735162094521,0.9972875706386191,1.0,0.9971057341645546,0.9963881805327147
5,10,1.4658938792860432,0.611,5000,1.8631691976829812,0.5006002400960384,833,1.8629696997590721,0.4956,0.9989814019336227,0.08336686676937241,,,1.0,,1.0,0.0,0.997128029735341,0.09987207452577081,5,0.001,0.1,0.9976120672135351,0.9977394588879172,0.9972576641787825,0.997742886346885,0.9975768898932029,0.9973128372985003,0.9975759695909492,0.9976319049263914,0.9974521921330838,0.9971057341645546,1.0,0.9974323028229509
5,11,1.45516539227431,0.6134,5000,1.8676530475969668,0.5018007202881153,833,1.8629696997590721,0.4956,0.9983876921868956,0.0833150088003858,,,1.0,,1.0,0.0,0.997128029735341,0.09987207452577081,5,0.001,0.1,0.9962625154755993,0.9974891908181672,0.9962643874464584,0.9976636906841232,0.9962871537343921,0.9970413393198259,0.9958893305947207,0.9973651867515534,0.9972412108328849,0.9963881805327147,0.9974323028229509,1.0
6,0,1.350587694204537,0.63748,5000,1.755443259521767,0.5575539568345323,834,1.7446789364464366,0.5487,0.9982273585136754,0.08331554149474246,,,1.0,,1.0,0.0,0.9977856367115827,0.09984733001314217,5,0.001,0.1,1.0,0.9962253735139969,0.9960438169221049,0.9972116431225281,0.9966633659196702,0.9959553336912585,0.9964104979666888,0.9966247666825575,0.9964985083156356,0.9964330775511802,0.9968725413347888,0.9955014814556837
6,1,1.351761829093763,0.63492,5000,1.7526334082638775,0.5215827338129496,834,1.7446789364464366,0.5487,0.998612511225895,0.08335668175297734,,,1.0,,1.0,0.0,0.9977856367115827,0.09984733001314217,5,0.001,0.1,0.9962253735139969,1.0,0.9970813031667645,0.9972930218910772,0.9968677523166686,0.9969870539069524,0.996348851467573,0.9970385880577887,0.9965340925733308,0.9967189029130445,0.9970116609579018,0.9969465611703002
6,2,1.349400646975086,0.63044,5000,1.738861702106617,0.5623501199040767,834,1.7446789364464366,0.5487,0.9984772367511547,0.08333951336080159,,,1.0,,1.0,0.0,0.9977856367115827,0.09984733001314217,5,0.001,0.1,0.9960438169221049,0.9970813031667645,1.0,0.9969599552676754,0.9961297478457378,0.9971139303262118,0.9973951681130289,0.9960074296708846,0.9965044433415869,0.9969162062526337,0.9971156618005727,0.9961662323310145
6,3,1.3519106287865121,0.6362,5000,1.7477524192244918,0.5311750599520384,834,1.7446789364464366,0.5487,0.9989222096265937,0.08336579226821178,,,1.0,,1.0,0.0,0.9977856367115827,0.09984733001314217,5,0.001,0.1,0.9972116431225281,0.9972930218910772,0.9969599552676754,1.0,0.9972991000423921,0.9972845580258577,0.9967192875470415,0.9974062184277138,0.9976763969537864,0.9962576306854262,0.9974177767187372,0.997238597911509
6,4,1.3419018400702507,0.64476,5000,1.724648705235234,0.5570228091236494,833,1.7446789364464366,0.5487,0.9983753312955906,0.08332565373267398,,,1.0,,1.0,0.0,0.9977856367115827,0.09984733001314217,5,0.001,0.1,0.9966633659196702,0.9968677523166686,0.9961297478457378,0.9972991000423921,1.0,0.9965180264000798,0.9964993254542147,0.9971715744527551,0.9967027758568544,0.9956884546128086,0.9968527399112415,0.995819715964798
6,5,1.3400260096143006,0.64056,5000,1.7214373879962497,0.5654261704681873,833,1.7446789364464366,0.5487,0.9985793006227218,0.08333409235463299,,,1.0,,1.0,0.0,0.9977856367115827,0.09984733001314217,5,0.001,0.1,0.9959553336912585,0.9969870539069524,0.9971139303262118,0.9972845580258577,0.9965180264000798,1.0,0.996104462889603,0.9970801859300785,0.9971732213289703,0.9969211925392242,0.9968734451265343,0.9966449467272045
6,6,1.332726334006923,0.6516,5000,1.7616006754062794,0.5186074429771909,833,1.7446789364464366,0.5487,0.9981757423956727,0.08329127468938052,,,1.0,,1.0,0.0,0.9977856367115827,0.09984733001314217,5,0.001,0.1,0.9964104979666888,0.996348851467573,0.9973951681130289,0.9967192875470415,0.9964993254542147,0.996104462889603,1.0,0.9957995384610284,0.9957962426010141,0.9966602043545569,0.9970701765437758,0.9950197992912159
6,7,1.3352121530824406,0.64268,5000,1.7415325774086847,0.5654261704681873,833,1.7446789364464366,0.5487,0.9986224015064998,0.08335279810591982,,,1.0,,1.0,0.0,0.9977856367115827,0.09984733001314217,5,0.001,0.1,0.9966247666825575,0.9970385880577887,0.9960074296708846,0.9974062184277138,0.9971715744527551,0.9970801859300785,0.9957995384610284,1.0,0.9973233663011863,0.9967177632324066,0.9971134241239196,0.9968889139363024
6,8,1.3447825768191344,0.62924,5000,1.7549464525999847,0.5402160864345739,833,1.7446789364464366,0.5487,0.9985179659686072,0.08333036932384079,,,1.0,,1.0,0.0,0.9977856367115827,0.09984733001314217,5,0.001,0.1,0.9964985083156356,0.9965340925733308,0.9965044433415869,0.9976763969537864,0.9967027758568544,0.9971732213289703,0.9957962426010141,0.9973233663011863,1.0,0.9962266350214813,0.9968773302585037,0.9966083195736374
6,9,1.3532165736909125,0.63292,5000,1.7245917585160997,0.5714285714285714,833,1.7446789364464366,0.5487,0.9982747729239947,0.08331398281700826,,,1.0,,1.0,0.0,0.9977856367115827,0.09984733001314217,5,0.001,0.1,0.9964330775511802,0.9967189029130445,0.9969162062526337,0.9962576306854262,0.9956884546128086,0.9969211925392242,0.9966602043545569,0.9967177632324066,0.9962266350214813,1.0,0.9964769163724294,0.995992131915956
6,10,1.3558481761604357,0.63444,5000,1.7421823651702315,0.5450180072028812,833,1.7446789364464366,0.5487,0.9987330780310508,0.08336228520182791,,,1.0,,1.0,0.0,0.9977856367115827,0.09984733001314217,5,0.001,0.1,0.9968725413347888,0.9970116609579018,0.9971156618005727,0.9974177767187372,0.9968527399112415,0.9968734451265343,0.9970701765437758,0.9971134241239196,0.9968773302585037,0.9964769163724294,1.0,0.9968164276888013
6,11,1.3443231347260203,0.64168,5000,1.7527921773769237,0.5486194477791116,833,1.7446789364464366,0.5487,0.9981609210333819,0.08331201489798265,,,1.0,,1.0,0.0,0.9977856367115827,0.09984733001314217,5,0.001,0.1,0.9955014814556837,0.9969465611703002,0.9961662323310145,0.997238597911509,0.995819715964798,0.9966449467272045,0.9950197992912159,0.9968889139363024,0.9966083195736374,0.995992131915956,0.9968164276888013,1.0
7,0,1.2584503727354062,0.6542,5000,1.6324436708732888,0.6115107913669064,834,1.6205254816018735,0.6039,0.998082775536716,0.08331777558462401,,,1.0,,1.0,0.0,0.9976577532626036,0.09982267446712809,5,0.001,0.1,1.0,0.9959265712121882,0.995528946748148,0.9967911698337604,0.9960754549612452,0.9955174842572924,0.9957839546796363,0.9959513097382933,0.9957383528182623,0.9961262309082366,0.9966190752403602,0.9956967116571691
7,1,1.2583951757971648,0.64916,5000,1.6304227511088054,0.5599520383693045,834,1.6205254816018735,0.6039,0.9983018297631787,0.08335007902143411,,,1.0,,1.0,0.0,0.9976577532626036,0.09982267446712809,5,0.001,0.1,0.9959265712121882,1.0,0.9960123330115626,0.9968933961049162,0.996285307403186,0.996172002508796,0.9956686865856964,0.9963775189439052,0.9960794216530954,0.9959516018877813,0.996677816597462,0.9963324779710345
7,2,1.2541399510802738,0.65232,5000,1.6136101175237585,0.6007194244604317,834,1.6205254816018735,0.6039,0.9980242124530031,0.0833305876816978,,,1.0,,1.0,0.0,0.9976577532626036,0.09982267446712809,5,0.001,0.1,0.995528946748148,0.9960123330115626,1.0,0.9964149203256264,0.9955022013403849,0.9961749352963841,0.9967750645502463,0.9951303180517487,0.9955580424930767,0.9963619871439217,0.9962091977520332,0.9953853844644085
7,3,1.2564789986154836,0.65796,5000,1.6244695010008636,0.5899280575539568,834,1.6205254816018735,0.6039,0.9987706769927345,0.08337080121438689,,,1.0,,1.0,0.0,0.9976577532626036,0.09982267446712809,5,0.001,0.1,0.9967911698337604,0.9968933961049162,0.9964149203256264,1.0,0.9965216449821708,0.996849087805877,0.9963364033556312,0.9967861787337364,0.9968146038546336,0.9961058308616472,0.9971026370783348,0.9973777057863714
7,4,1.2462517310859291,0.6624,5000,1.5949828227361043,0.6146458583433373,833,1.6205254816018735,0.6039,0.998111586372501,0.08332490768545027,,,1.0,,1.0,0.0,0.9976577532626036,0.09982267446712809,5,0.001,0.1,0.9960754549612452,0.996285307403186,0.9955022013403849,0.9965216449821708,1.0,0.9959443982167789,0.9960691075806503,0.9965108477872757,0.9959547051951501,0.9951382833694468,0.9966314465882834,0.9954662363005367
7,5,1.244617195949433,0.66112,5000,1.5936460671601471,0.6290516206482593,833,1.6205254816018735,0.6039,0.9982634227914686,0.08333498461030055,,,1.0,,1.0,0.0,0.9976577532626036,0.09982267446712809,5,0.001,0.1,0.9955174842572924,0.996172002508796,0.9961749352963841,0.996849087805877,0.9959443982167789,1.0,0.9949868319101907,0.996578623692088,0.9968510311729187,0.9965274304989155,0.9960858675215853,0.9962302486664354
7,6,1.2388220976112754,0.66392,5000,1.637998801690561,0.5870348139255702,833,1.6205254816018735,0.6039,0.9978138315706506,0.08329421059351351,,,1.0,,1.0,0.0,0.9976577532626036,0.09982267446712809,5,0.001,0.1,0.9957839546796363,0.9956686865856964,0.9967750645502463,0.9963364033556312,0.9960691075806503,0.9949868319101907,1.0,0.9948584029702631,0.994944202212304,0.9962109664248165,0.9963071048997107,0.994594393035251
7,7,1.240974471751292,0.66164,5000,1.6159698212588276,0.6230492196878752,833,1.6205254816018735,0.6039,0.9982890866704988,0.08334728573668901,,,1.0,,1.0,0.0,0.9976577532626036,0.09982267446712809,5,0.001,0.1,0.9959513097382933,0.9963775189439052,0.9951303180517487,0.9967861787337364,0.9965108477872757,0.996578623692088,0.9948584029702631,1.0,0.9966940597712568,0.9963158423465903,0.9965919506671871,0.9964294863401671
7,8,1.2495875781508767,0.65324,5000,1.6349177802050556,0.6062424969987995,833,1.6205254816018735,0.6039,0.9982402905807233,0.08333195447235561,,,1.0,,1.0,0.0,0.9976577532626036,0.09982267446712809,5,0.001,0.1,0.9957383528182623,0.9960794216530954,0.9955580424930767,0.9968146038546336,0.9959547051951501,0.9968510311729187,0.994944202212304,0.9966940597712568,1.0,0.9959251522181837,0.9964174961475254,0.9966638613883354
